Course_Code,Course_Title,finalPoints2021,EOS_2020,EOS_2019,Institution
AC120,International Business,294.0,209.0,234.0,American College Dublin
AC137,Liberal Arts,270.0,252.0,252.0,American College Dublin
AD101,First Year Art and Design (Common Entry portfolio),554.0,,,National College of Art and Design
AD102,Graphic Design and Moving Image Design (portfolio),538.0,,,National College of Art and Design
AD103,Textile and Surface Design and Jewellery and Objec,505.0,,,National College of Art and Design
AD202,"Education & Design or Fine Art (Second Level Teaching,portfolio))",591.0,,,National College of Art and Design
AD204,Fine Art (portfolio),514.0,,,National College of Art and Design
AD211,Fashion Design (portfolio),679.0,,,National College of Art and Design
AD212,Product Design (portfolio),413.0,,,National College of Art and Design
AD215,Visual Culture,300.0,320.0,300.0,National College of Art and Design
AD217,Illustration,738.0,,,National College of Art and Design
AD222,Interaction Design (portfolio),444.0,,,National College of Art and Design
AL801,Software Design with Virtual Reality and Gaming,300.0,303.0,304.0,Athlone Institute of Technology
AL802,Software Design with Cloud Computing,313.0,332.0,301.0,Athlone Institute of Technology
AL803,Software Design with Mobile Apps and Connected Devices,350.0,337.0,309.0,Athlone Institute of Technology
AL805,Computer Engineering with Network Infrastructure,321.0,333.0,329.0,Athlone Institute of Technology
AL810,Quantity Surveying,328.0,326.0,307.0,Athlone Institute of Technology
AL811,Civil Engineering,,320.0,,Athlone Institute of Technology
AL820,Mechanical and Polymer Engineering,327.0,308.0,300.0,Athlone Institute of Technology
AL830,General Nursing,444.0,442.0,410.0,Athlone Institute of Technology
AL832,Mental Health Nursing,431.0,384.0,387.0,Athlone Institute of Technology
AL835,Pharmacology,356.0,,,Athlone Institute of Technology
AL836,Nutrition and Health Science,346.0,334.0,352.0,Athlone Institute of Technology
AL837,Sports Science with Exercise Physiology,357.0,351.0,351.0,Athlone Institute of Technology
AL838,Biotechnology,324.0,307.0,302.0,Athlone Institute of Technology
AL839,Microbiology,325.0,325.0,322.0,Athlone Institute of Technology
AL840,Pharmaceutical Sciences,346.0,347.0,328.0,Athlone Institute of Technology
AL841,Athletic and Rehabilitation Therapy,476.0,430.0,423.0,Athlone Institute of Technology
AL842,Bioveterinary Science,338.0,313.0,310.0,Athlone Institute of Technology
AL843,Physical Activity and Health Science,306.0,306.0,310.0,Athlone Institute of Technology
AL849,Culinary Entrepreneurship,297.0,,,Athlone Institute of Technology
AL850,Business,309.0,309.0,307.0,Athlone Institute of Technology
AL851,Business and Law,302.0,295.0,301.0,Athlone Institute of Technology
AL852,Accounting,336.0,309.0,290.0,Athlone Institute of Technology
AL853,Accounting and Law,,,305.0,Athlone Institute of Technology
AL854,Sport Management (with international placement),299.0,299.0,,Athlone Institute of Technology
AL855,Hospitality Management (with international placement),309.0,308.0,312.0,Athlone Institute of Technology
AL857,Digital Marketing,304.0,304.0,300.0,Athlone Institute of Technology
AL859,International Business,308.0,,,Athlone Institute of Technology
AL860,Social Care Practice,301.0,300.0,309.0,Athlone Institute of Technology
AL861,Animation and Illustration (portfolio),575.0,578.0,,Athlone Institute of Technology
AL863,Graphic and Digital Design (portfolio),747.0,781.0,,Athlone Institute of Technology
AL864,Early Years Care and Education,306.0,307.0,307.0,Athlone Institute of Technology
AL870,Applied Psychology,467.0,418.0,409.0,Athlone Institute of Technology
AS001,"Education, Home Economics and Biology - with concurrent Teacher Ed",533.0,518.0,,St. Angela`s College
AS002,"Education, Home Economics and Religious Ed - with concurrent Teacher Ed",452.0,434.0,,St. Angela`s College
AS003,"Education, Home Economics and Irish - with concurrent Teacher Ed",457.0,440.0,421.0,St. Angela`s College
AS051,Nutrition  Food and Business Management,347.0,317.0,337.0,St. Angela`s College
AS054,Home Economics,419.0,398.0,387.0,St. Angela`s College
AS110,General Nursing,432.0,419.0,,St. Angela`s College
AS130,Intellectual Disability Nursing,358.0,317.0,317.0,St. Angela`s College
BN101,Business,,,252.0,Technological University Dublin Blanchardstown Campus
BN103,Business and Information Technology,,,254.0,Technological University Dublin Blanchardstown Campus
BN104,Computing (Information Technology),,,260.0,Technological University Dublin Blanchardstown Campus
BN107,Applied Social Studies in Social Care,,,300.0,Technological University Dublin Blanchardstown Campus
BN108,Engineering (Common Entry with Award options),,,271.0,Technological University Dublin Blanchardstown Campus
BN109,Business (Common Entry with Award options),,,260.0,Technological University Dublin Blanchardstown Campus
BN110,International Business,,,253.0,Technological University Dublin Blanchardstown Campus
BN111,Sports Management and Coaching,,,270.0,Technological University Dublin Blanchardstown Campus
BN112,Creative Digital Media,,,280.0,Technological University Dublin Blanchardstown Campus
BN113,Horticulture,,,289.0,Technological University Dublin Blanchardstown Campus
BN114,Accounting and Finance,,,280.0,Technological University Dublin Blanchardstown Campus
BN115,Community and Youth Development,,,250.0,Technological University Dublin Blanchardstown Campus
BN117,Computer Engineering in Mobile Systems,,,273.0,Technological University Dublin Blanchardstown Campus
BN118,Early Childhood Care and Education,,,290.0,Technological University Dublin Blanchardstown Campus
BN119,Digital Marketing,,,270.0,Technological University Dublin Blanchardstown Campus
BN120,Digital Forensics and Cyber Security,,,281.0,Technological University Dublin Blanchardstown Campus
BN121,Mechatronic Engineering,,,276.0,Technological University Dublin Blanchardstown Campus
BN123,"Design,Technology and Innovation",,,297.0,Technological University Dublin Blanchardstown Campus
BY001,Business,210.0,,,IBAT College Dublin
CI101,Counselling and Psychotherapy (Limerick),,,276.0,Irish College of Humanities & Applied Sciences
CI110,Counselling and Psychotherapy,292.0,310.0,,Irish College of Humanities & Applied Sciences
CI111,Counselling and Addiction Studies,290.0,301.0,,Irish College of Humanities & Applied Sciences
CI112,Counselling and Psychotherapy with Youth Studies,325.0,311.0,,Irish College of Humanities & Applied Sciences
CK101,Arts - 3 years,300.0,300.0,300.0,University College Cork(NUI)
CK102,Social Science,431.0,412.0,391.0,University College Cork(NUI)
CK104,Arts with Music - 3 or 4 years (BMus or Chinese/Eu,339.0,302.0,,University College Cork(NUI)
CK105,Film and Screen Media - 3 years or 4 years (Intern,420.0,319.0,397.0,University College Cork(NUI)
CK107,Geographical and Archaeological Sciences - 3 or 4,312.0,328.0,326.0,University College Cork(NUI)
CK108,Arts International - 4 years,440.0,401.0,429.0,University College Cork(NUI)
CK109,English - 3 years or 4 years (International Pathway),357.0,318.0,347.0,University College Cork(NUI)
CK110,World Languages,488.0,410.0,456.0,University College Cork(NUI)
CK111,Early Years and Childhood Studies,403.0,419.0,398.0,University College Cork(NUI)
CK112,Theatre and Performative Practices - 3 or 4 years (Int`l Pathway),371.0,330.0,,University College Cork(NUI)
CK113,Criminology - 3 years or 4 years (International Pathway),463.0,423.0,408.0,University College Cork(NUI)
CK114,Social Science (Youth and Community Work) - 3 years,,777.0,,University College Cork(NUI)
CK115,Social Work - Mature Applicants only,,999.0,,University College Cork(NUI)
CK116,Sports Studies and Physical Education,,,499.0,University College Cork(NUI)
CK118,Digital Humanities and IT - 3 or 4 years (Work Exper. or Int`l Pathway),339.0,336.0,307.0,University College Cork(NUI)
CK120,Applied Psychology,543.0,531.0,506.0,University College Cork(NUI)
CK121,Psychology and Computing - 3 or 4 years (Work Experience Pathway),488.0,466.0,393.0,University College Cork(NUI)
CK122,Government and Political Science,399.0,326.0,355.0,University College Cork(NUI)
CK123,Anthropology,308.0,308.0,,University College Cork(NUI)
CK124,Education - Gaeilge,473.0,452.0,,University College Cork(NUI)
CK125,Sports Studies and Physical Education,555.0,509.0,,University College Cork(NUI)
CK201,Commerce,499.0,477.0,,University College Cork(NUI)
CK202,Accounting,543.0,509.0,467.0,University College Cork(NUI)
CK203,Business Information Systems,452.0,430.0,409.0,University College Cork(NUI)
CK204,Finance,566.0,556.0,531.0,University College Cork(NUI)
CK205,Commerce (International) with French,465.0,445.0,409.0,University College Cork(NUI)
CK206,Commerce (International) with German,455.0,418.0,408.0,University College Cork(NUI)
CK207,Commerce (International) with Italian,418.0,388.0,408.0,University College Cork(NUI)
CK208,Commerce (International) with Hispanic Studies,486.0,402.0,431.0,University College Cork(NUI)
CK209,Commerce (International) with Irish,507.0,484.0,509.0,University College Cork(NUI)
CK211,Commerce (International) with Chinese Studies,385.0,397.0,398.0,University College Cork(NUI)
CK212,Economics (Transformational Learning) - 3 or 4 years (Int`l Pathway),444.0,444.0,400.0,University College Cork(NUI)
CK213,Food Marketing and Entrepreneurship,466.0,462.0,,University College Cork(NUI)
CK214,International Development,332.0,346.0,,University College Cork(NUI)
CK301,Law (Pathways) -  3 or 4 years,532.0,498.0,476.0,University College Cork(NUI)
CK302,Law and French,545.0,542.0,453.0,University College Cork(NUI)
CK304,Law and Irish,588.0,540.0,462.0,University College Cork(NUI)
CK307,Law and Business,589.0,556.0,522.0,University College Cork(NUI)
CK401,Computer Science,495.0,468.0,402.0,University College Cork(NUI)
CK402,Biological and Chemical Sciences,555.0,509.0,498.0,University College Cork(NUI)
CK404,"Biological, Earth and Environmental Sciences",495.0,465.0,412.0,University College Cork(NUI)
CK405,Genetics,543.0,487.0,476.0,University College Cork(NUI)
CK406,Chemical Sciences,532.0,462.0,457.0,University College Cork(NUI)
CK407,Mathematical Sciences,566.0,565.0,531.0,University College Cork(NUI)
CK408,Physics and Astrophysics,566.0,531.0,511.0,University College Cork(NUI)
CK409,Industrial Physics (offered jointly by UCC and CIT),465.0,432.0,413.0,University College Cork(NUI)
CK411,Data Science and Analytics,531.0,509.0,509.0,University College Cork(NUI)
CK412,Agricultural Science,506.0,489.0,457.0,University College Cork(NUI)
CK502,Food Marketing and Entrepreneurship,,,433.0,University College Cork(NUI)
CK504,Nutritional Sciences,554.0,517.0,492.0,University College Cork(NUI)
CK505,Food Science,463.0,420.0,444.0,University College Cork(NUI)
CK506,International Development and Food Policy,,,367.0,University College Cork(NUI)
CK600,Engineering,509.0,487.0,465.0,University College Cork(NUI)
CK606,Architecture - Offered jointly by UCC and CIT,543.0,469.0,465.0,University College Cork(NUI)
CK701,Medicine (Undergraduate Entry - HPAT required),737.0,731.0,,University College Cork(NUI)
CK702,Dentistry,625.0,613.0,590.0,University College Cork(NUI)
CK703,Pharmacy,613.0,589.0,577.0,University College Cork(NUI)
CK704,Occupational Therapy,601.0,555.0,,University College Cork(NUI)
CK705,Speech and Language Therapy,566.0,520.0,509.0,University College Cork(NUI)
CK706,Public Health Sciences,500.0,454.0,419.0,University College Cork(NUI)
CK707,Medical and Health Sciences,578.0,541.0,,University College Cork(NUI)
CK710,General Nursing,497.0,454.0,440.0,University College Cork(NUI)
CK712,Children`s and General Nursing (Integrated),565.0,533.0,499.0,University College Cork(NUI)
CK720,Mental Health Nursing,452.0,419.0,398.0,University College Cork(NUI)
CK730,Intellectual Disability Nursing,431.0,400.0,359.0,University College Cork(NUI)
CK740,Midwifery,509.0,473.0,444.0,University College Cork(NUI)
CK791,Medicine  - Graduate Entry (GAMSAT required),60.0,57.0,,University College Cork(NUI)
CM001,Education - Primary Teaching,508.0,484.0,,Marino Institute of Education
CM002,Education - Primary Teaching - Gaeltacht Applicant,462.0,,,Marino Institute of Education
CM003,Oideachas â€“ BunmhÃºinteoireacht TrÃ­ MheÃ¡n na Gaeilg,513.0,528.0,,Marino Institute of Education
CM004,Oideachas - Bunmhúinteoireacht Trí Mheán na Gaeilge (daltaí Gaeltachta),480.0,494.0,,Marino Institute of Education
CM010,Education Studies,327.0,317.0,317.0,Marino Institute of Education
CM020,Early Childhood Education,317.0,327.0,336.0,Marino Institute of Education
CR105,Chemical and Biopharmaceutical Engineering,443.0,443.0,432.0,Cork Institute of Technology
CR106,Software Development,431.0,411.0,351.0,Cork Institute of Technology
CR108,Mechanical Engineering,434.0,434.0,425.0,Cork Institute of Technology
CR109,Structural Engineering,396.0,394.0,341.0,Cork Institute of Technology
CR110,Automotive Business Management and Technology,336.0,311.0,318.0,Cork Institute of Technology
CR112,Creative Digital Media,390.0,361.0,335.0,Cork Institute of Technology
CR116,Computer Systems,365.0,332.0,318.0,Cork Institute of Technology
CR121,Music at CIT Cork School of Music,904.0,912.0,,Cork Institute of Technology
CR125,Popular Music at CIT Cork School of Music,1028.0,1088.0,,Cork Institute of Technology
CR126,Popular Music: Drums at CIT Cork School of Music,,801.0,,Cork Institute of Technology
CR127,Popular Music: Electric Guitar at CIT Cork School of Music,,768.0,,Cork Institute of Technology
CR128,Popular Music: Keyboards at CIT Cork School of Music,,840.0,,Cork Institute of Technology
CR129,Popular Music: Voice at CIT Cork School of Music,,841.0,,Cork Institute of Technology
CR130,Musical Theatre at CIT Cork School of Music,525.0,505.0,,Cork Institute of Technology
CR150,Business Information Systems,350.0,335.0,326.0,Cork Institute of Technology
CR210,"Contemporary Applied Art (Ceramics, Glass, Textiles) at CIT Crawford",450.0,,,Cork Institute of Technology
CR220,Fine Art at CIT Crawford College of Art and Design,400.0,,,Cork Institute of Technology
CR225,Photography with New Media,435.0,,,Cork Institute of Technology
CR305,Physical Sciences (Common Entry),260.0,282.0,279.0,Cork Institute of Technology
CR310,IT Management,347.0,297.0,282.0,Cork Institute of Technology
CR320,Biomedical Science - Offered jointly by CIT and UC,590.0,565.0,546.0,Cork Institute of Technology
CR325,Pharmaceutical Biotechnology,466.0,398.0,388.0,Cork Institute of Technology
CR333,Nutrition and Health Science,425.0,402.0,360.0,Cork Institute of Technology
CR335,Biological Sciences (Common Entry),473.0,420.0,381.0,Cork Institute of Technology
CR340,Analytical Chemistry with Quality Assurance,327.0,251.0,288.0,Cork Institute of Technology
CR360,Instrument Engineering,301.0,261.0,291.0,Cork Institute of Technology
CR365,Environmental Science and Sustainable Technology,262.0,253.0,334.0,Cork Institute of Technology
CR370,Agri-Biosciences,368.0,397.0,408.0,Cork Institute of Technology
CR400,Accounting,315.0,316.0,316.0,Cork Institute of Technology
CR420,Marketing,290.0,285.0,288.0,Cork Institute of Technology
CR425,International Business with Language,279.0,298.0,300.0,Cork Institute of Technology
CR430,Sport and Exercise Management,402.0,322.0,,Cork Institute of Technology
CR435,Coaching Science and Sports Pedagogy,410.0,,,Cork Institute of Technology
CR440,Montessori Education,408.0,288.0,,Cork Institute of Technology
CR500,Engineering (Common Entry),475.0,411.0,381.0,Cork Institute of Technology
CR510,Sustainable Energy Engineering,320.0,320.0,319.0,Cork Institute of Technology
CR520,Biomedical Engineering,444.0,444.0,434.0,Cork Institute of Technology
CR560,Architectural Technology,375.0,308.0,288.0,Cork Institute of Technology
CR565,Interior Architecture,431.0,359.0,336.0,Cork Institute of Technology
CR570,Quantity Surveying,375.0,336.0,279.0,Cork Institute of Technology
CR572,Construction Management,300.0,269.0,253.0,Cork Institute of Technology
CR580,Electrical Engineering,342.0,318.0,344.0,Cork Institute of Technology
CR590,Electronic Engineering,329.0,303.0,342.0,Cork Institute of Technology
CR600,Visual Communications,280.0,,,Cork Institute of Technology
CR660,Tourism Management,246.0,252.0,249.0,Cork Institute of Technology
CR700,Theatre and Drama Studies at CIT Cork School of Mu,609.0,645.0,,Cork Institute of Technology
CR930,Home Economics and Business,518.0,,,Cork Institute of Technology
CT125,Information Technology,242.0,220.0,235.0,CCT College Dublin
CT325,Business,253.0,281.0,,CCT College Dublin
CW018,Business (options),307.0,248.0,327.0,Institute of Technology Carlow
CW028,Early Childhood Education and Care (Wexford),260.0,252.0,252.0,Institute of Technology Carlow
CW038,Art (portfolio),700.0,700.0,,Institute of Technology Carlow
CW058,Tourism and Event Management,292.0,298.0,252.0,Institute of Technology Carlow
CW068,Applied Social Studies in Professional Social Care,250.0,245.0,251.0,Institute of Technology Carlow
CW078,Sustainable Farm Management and Agribusiness,270.0,269.0,266.0,Institute of Technology Carlow
CW088,Visual Communications and Design,270.0,274.0,309.0,Institute of Technology Carlow
CW108,Science (options),266.0,261.0,261.0,Institute of Technology Carlow
CW128,Brewing and Distilling,307.0,263.0,271.0,Institute of Technology Carlow
CW138,Sport and Exercise Science,423.0,423.0,,Institute of Technology Carlow
CW148,Strength and Conditioning,388.0,379.0,,Institute of Technology Carlow
CW178,Sport Science (options),,,399.0,Institute of Technology Carlow
CW188,Sport Rehabilitation and Athletic Therapy,451.0,448.0,454.0,Institute of Technology Carlow
CW208,Computer Games Development,272.0,279.0,281.0,Institute of Technology Carlow
CW238,Software Development,295.0,297.0,300.0,Institute of Technology Carlow
CW248,Information Technology Management,293.0,285.0,307.0,Institute of Technology Carlow
CW258,Cybercrime and IT Security,292.0,293.0,300.0,Institute of Technology Carlow
CW268,Computing in Interactive Digital Art and Design,291.0,287.0,274.0,Institute of Technology Carlow
CW438,Construction (options),251.0,272.0,271.0,Institute of Technology Carlow
CW468,Architectural Technology,283.0,262.0,252.0,Institute of Technology Carlow
CW478,Civil Engineering,465.0,433.0,348.0,Institute of Technology Carlow
CW548,Mechanical Engineering,328.0,321.0,310.0,Institute of Technology Carlow
CW558,Electronic Systems,280.0,280.0,279.0,Institute of Technology Carlow
CW568,Aerospace Engineering,359.0,380.0,366.0,Institute of Technology Carlow
CW578,TV and Media Production,318.0,325.0,327.0,Institute of Technology Carlow
CW708,Law - LLB,292.0,302.0,298.0,Institute of Technology Carlow
CW728,Product Design Innovation,246.0,252.0,286.0,Institute of Technology Carlow
CW748,Early Childhood Education and Care,290.0,270.0,265.0,Institute of Technology Carlow
CW758,Professional Social Care Practice,358.0,336.0,290.0,Institute of Technology Carlow
CW808,Media and Public Relations,247.0,251.0,248.0,Institute of Technology Carlow
CW848,Digital Marketing with Analytics,269.0,269.0,279.0,Institute of Technology Carlow
CW858,Sports Management and Coaching (options  portfolio,700.0,700.0,,Institute of Technology Carlow
CW908,Business (options),272.0,280.0,260.0,Institute of Technology Carlow
CW938,Business with Law,270.0,283.0,270.0,Institute of Technology Carlow
CW948,Accounting,319.0,300.0,301.0,Institute of Technology Carlow
DB500,Computing,234.0,218.0,242.0,Dublin Business School
DB501,Computing (Cloud Computing),,227.0,326.0,Dublin Business School
DB502,Computing (Data Analytics and Big Data),233.0,334.0,269.0,Dublin Business School
DB503,Computing (Software Development),,225.0,242.0,Dublin Business School
DB504,Computing (Web and Mobile Technology),,281.0,227.0,Dublin Business School
DB510,Audio Production and Music Project Management,217.0,223.0,233.0,Dublin Business School
DB512,Business Studies,210.0,203.0,229.0,Dublin Business School
DB514,Business Studies (Law),225.0,251.0,269.0,Dublin Business School
DB515,Business Studies (Human Resource Management),217.0,244.0,225.0,Dublin Business School
DB516,Financial Services,,,328.0,Dublin Business School
DB517,Event Management,225.0,238.0,226.0,Dublin Business School
DB518,Marketing (Digital Media),209.0,,210.0,Dublin Business School
DB521,Accounting and Finance,228.0,195.0,225.0,Dublin Business School
DB524,Business Information Systems,239.0,309.0,402.0,Dublin Business School
DB525,Marketing (Digital Media and Cloud Computing),288.0,,284.0,Dublin Business School
DB526,Business (Cloud Computing),244.0,347.0,253.0,Dublin Business School
DB527,Applied Social Care,219.0,234.0,235.0,Dublin Business School
DB531,Marketing,176.0,293.0,220.0,Dublin Business School
DB562,Psychology,233.0,229.0,208.0,Dublin Business School
DB566,Social Science,228.0,220.0,216.0,Dublin Business School
DB567,Film,213.0,202.0,192.0,Dublin Business School
DB568,Law,228.0,217.0,245.0,Dublin Business School
DB569,Business (Psychology),240.0,252.0,279.0,Dublin Business School
DC001,Education - Early Childhood Education,445.0,440.0,398.0,Dublin City University
DC002,Education - Primary Teaching,518.0,488.0,,Dublin City University
DC003,Education - Primary Teaching - Gaeltacht Applicants,489.0,445.0,,Dublin City University
DC004,Education - Primary Teaching (Church of Ireland Centre formerly CICE),451.0,409.0,,Dublin City University
DC005,Education - Primary Teaching - Irish Sign Language,,,,Dublin City University
DC009,Arts (Joint Honours) - Humanities,356.0,376.0,347.0,Dublin City University
DC010,Post Primary Teacher Education - Religious Educati,384.0,429.0,386.0,Dublin City University
DC011,Post Primary Teacher Education - Religious Education and History,409.0,391.0,352.0,Dublin City University
DC012,Post Primary Teacher Education - Religious Education and Music,409.0,378.0,,Dublin City University
DC013,Post Primary Teacher Ed - Gaeilge with French/German/Spanish,413.0,419.0,410.0,Dublin City University
DC014,BA in Jazz and Contemporary Music Performance (aud,311.0,419.0,,Dublin City University
DC110,Business Studies International,498.0,465.0,440.0,Dublin City University
DC111,Business Studies,511.0,488.0,463.0,Dublin City University
DC112,Global Business (Franc,542.0,510.0,495.0,Dublin City University
DC113,Global Business (Germany),484.0,462.0,440.0,Dublin City University
DC114,Global Business (Spain),544.0,522.0,501.0,Dublin City University
DC115,Accounting and Finance,544.0,510.0,487.0,Dublin City University
DC116,Global Business (USA),613.0,579.0,578.0,Dublin City University
DC117,Aviation Management / Aviation Management with Pilot Studies,484.0,475.0,463.0,Dublin City University
DC118,Gnó agus Gaeilge / Business and Irish,368.0,359.0,357.0,Dublin City University
DC119,Global Business (Canada),601.0,564.0,566.0,Dublin City University
DC120,Computing for Business,402.0,357.0,350.0,Dublin City University
DC121,Computer Science,475.0,400.0,370.0,Dublin City University
DC123,Data Science,501.0,465.0,467.0,Dublin City University
DC126,Actuarial Mathematics,577.0,560.0,520.0,Dublin City University
DC127,Common Entry into Actuarial and Financial Mathematics,541.0,520.0,509.0,Dublin City University
DC131,Communication Studies,421.0,402.0,400.0,Dublin City University
DC132,Journalism,452.0,422.0,401.0,Dublin City University
DC133,Multimedia,435.0,410.0,403.0,Dublin City University
DC155,Applied Language and Translation Studies,427.0,387.0,371.0,Dublin City University
DC161,Analytical Science,498.0,489.0,446.0,Dublin City University
DC162,Chemical and Pharmaceutical Sciences,531.0,521.0,488.0,Dublin City University
DC163,Chemical Sciences General Entry (Undenominated Ent,466.0,,,Dublin City University
DC166,Environmental Science and Technology,423.0,399.0,412.0,Dublin City University
DC167,Physics with Astronomy,,,434.0,Dublin City University
DC168,Genetics and Cell Biology,543.0,510.0,489.0,Dublin City University
DC171,Applied Physics,,,402.0,Dublin City University
DC173,Physics with Biomedical Sciences,,,402.0,Dublin City University
DC175,Physics General Entry (options),400.0,402.0,,Dublin City University
DC180,Biological Sciences General Entry (Undenominated E,530.0,,,Dublin City University
DC181,Biotechnology,530.0,495.0,476.0,Dublin City University
DC190,Electronic and Computer Engineering (with choice of four majors),488.0,413.0,391.0,Dublin City University
DC193,Mechatronic Engineering,490.0,411.0,404.0,Dublin City University
DC194,Sustainable Systems and Energy,476.0,,,Dublin City University
DC195,Mechanical and Manufacturing Engineering,500.0,425.0,401.0,Dublin City University
DC197,Biomedical Engineering,510.0,423.0,402.0,Dublin City University
DC200,Common Entry into Engineering (Undenominated Entry),510.0,422.0,381.0,Dublin City University
DC201,Common Entry into Science (Undenominated Entry),,488.0,454.0,Dublin City University
DC202,Sport Science and Health,511.0,498.0,467.0,Dublin City University
DC203,Science Education,462.0,435.0,424.0,Dublin City University
DC204,Athletic Therapy and Training,558.0,519.0,484.0,Dublin City University
DC205,Physical Education with Biology,565.0,531.0,490.0,Dublin City University
DC206,Physical Education with Mathematics,521.0,499.0,443.0,Dublin City University
DC207,Psychology and Mathematics,521.0,,,Dublin City University
DC208,Psychology,565.0,521.0,509.0,Dublin City University
DC209,Health and Society,477.0,440.0,419.0,Dublin City University
DC210,Psychology and Disruptive Technologies,506.0,,,Dublin City University
DC215,General Nursing,456.0,433.0,414.0,Dublin City University
DC216,Mental Health Nursing,420.0,403.0,368.0,Dublin City University
DC217,Intellectual Disability Nursing,382.0,370.0,347.0,Dublin City University
DC218,Children`s and General Nursing (Integrated),521.0,498.0,467.0,Dublin City University
DC230,"Economics, Politics and Law",431.0,435.0,400.0,Dublin City University
DC231,International Relations,398.0,397.0,387.0,Dublin City University
DC232,Law and Society (BCL),469.0,466.0,453.0,Dublin City University
DC235,Education and Training - Daytime and Flexible Deli,302.0,309.0,307.0,Dublin City University
DC238,Social Sciences and Cultural Innovation,387.0,377.0,358.0,Dublin City University
DC239,"Gaeilge, Iriseoireacht agus na Meáin Dhigiteacha",,430.0,,Dublin City University
DC240,"Marketing, Innovation and Technology",499.0,474.0,451.0,Dublin City University
DC241,Digital Business and Innovation,509.0,,,Dublin City University
DC291,Arts (Joint Honours) - Media Studies,350.0,376.0,349.0,Dublin City University
DC292,Arts (Joint Honours) - Law,400.0,403.0,356.0,Dublin City University
DC293,Arts (Joint Honours) - International Languages,379.0,377.0,369.0,Dublin City University
DC294,Climate and Environmental Sustainability,475.0,,,Dublin City University
DC295,Arts (Joint Honours) - Politics,349.0,376.0,348.0,Dublin City University
DK810,Accounting and Finance,307.0,305.0,306.0,Dundalk Institute of Technology
DK816,Business Studies,301.0,300.0,300.0,Dundalk Institute of Technology
DK820,Computing in Games Development,309.0,311.0,307.0,Dundalk Institute of Technology
DK821,Computing in Software Development,316.0,302.0,301.0,Dundalk Institute of Technology
DK822,Augmented and Virtual Reality,320.0,304.0,,Dundalk Institute of Technology
DK830,Building Surveying,305.0,336.0,302.0,Dundalk Institute of Technology
DK831,Architectural Technology,314.0,389.0,301.0,Dundalk Institute of Technology
DK832,Construction Management,305.0,387.0,300.0,Dundalk Institute of Technology
DK843,Engineering (Common Entry),391.0,340.0,303.0,Dundalk Institute of Technology
DK844,Mechanical Engineering,336.0,305.0,,Dundalk Institute of Technology
DK845,Electrical & Electronic Engineering,331.0,304.0,,Dundalk Institute of Technology
DK846,Civil Engineering,371.0,361.0,,Dundalk Institute of Technology
DK850,International Tourism Management,303.0,317.0,,Dundalk Institute of Technology
DK860,Music,,503.0,,Dundalk Institute of Technology
DK861,Arts,302.0,302.0,300.0,Dundalk Institute of Technology
DK862,Social Care,319.0,301.0,300.0,Dundalk Institute of Technology
DK863,Creative Media,320.0,308.0,300.0,Dundalk Institute of Technology
DK864,Film and Television Production,308.0,300.0,300.0,Dundalk Institute of Technology
DK865,Audio and Music Production,352.0,301.0,301.0,Dundalk Institute of Technology
DK870,General Nursing,440.0,397.0,392.0,Dundalk Institute of Technology
DK872,Intellectual Disability Nursing,366.0,336.0,300.0,Dundalk Institute of Technology
DK874,Mental Health Nursing,398.0,356.0,356.0,Dundalk Institute of Technology
DK876,Early Childhood Studies,300.0,321.0,305.0,Dundalk Institute of Technology
DK877,Midwifery,477.0,440.0,,Dundalk Institute of Technology
DK880,Health and Physical Activity,301.0,328.0,300.0,Dundalk Institute of Technology
DK882,Agriculture (Award options),342.0,310.0,303.0,Dundalk Institute of Technology
DK883,Science (Award options),368.0,300.0,300.0,Dundalk Institute of Technology
DK884,Sustainable Agriculture,348.0,,,Dundalk Institute of Technology
DK885,Agri-Food Production,,,,Dundalk Institute of Technology
DK886,Biopharmaceutical Science,379.0,301.0,,Dundalk Institute of Technology
DK887,Environmental Science,377.0,330.0,,Dundalk Institute of Technology
DL821,"English, Media and Cultural Studies",,212.0,211.0,"Dun Laoghaire Institute of Art, Design & Technology"
DL822,Arts Management,254.0,235.0,209.0,"Dun Laoghaire Institute of Art, Design & Technology"
DL823,Business Management,220.0,237.0,260.0,"Dun Laoghaire Institute of Art, Design & Technology"
DL825,Applied Psychology,413.0,379.0,349.0,"Dun Laoghaire Institute of Art, Design & Technology"
DL826,Graphic Design,591.0,855.0,,"Dun Laoghaire Institute of Art, Design & Technology"
DL827,Art,574.0,572.0,,"Dun Laoghaire Institute of Art, Design & Technology"
DL828,"3D Design, Modelmaking and Digital Art",,538.0,,"Dun Laoghaire Institute of Art, Design & Technology"
DL829,Design for Stage and Screen (Costume Design),,593.0,,"Dun Laoghaire Institute of Art, Design & Technology"
DL830,Design for Stage and Screen (Character Makeup Design),,939.0,,"Dun Laoghaire Institute of Art, Design & Technology"
DL831,Design for Stage and Screen (Production Design),,781.0,,"Dun Laoghaire Institute of Art, Design & Technology"
DL832,Animation,989.0,920.0,,"Dun Laoghaire Institute of Art, Design & Technology"
DL833,Photography and Visual Media,671.0,667.0,,"Dun Laoghaire Institute of Art, Design & Technology"
DL834,Film and Television Production,,990.0,,"Dun Laoghaire Institute of Art, Design & Technology"
DL835,Creative Media Technologies,,,237.0,"Dun Laoghaire Institute of Art, Design & Technology"
DL836,Creative Computing,235.0,219.0,217.0,"Dun Laoghaire Institute of Art, Design & Technology"
DL837,New Media Studies,293.0,201.0,290.0,"Dun Laoghaire Institute of Art, Design & Technology"
DL838,Creative Music Production,713.0,754.0,,"Dun Laoghaire Institute of Art, Design & Technology"
DL839,Interaction and User Experience Design,757.0,683.0,,"Dun Laoghaire Institute of Art, Design & Technology"
DL840,Digital Marketing,210.0,228.0,,"Dun Laoghaire Institute of Art, Design & Technology"
DL841,English and Equality Studies,277.0,276.0,,"Dun Laoghaire Institute of Art, Design & Technology"
DL843,Film,874.0,,,"Dun Laoghaire Institute of Art, Design & Technology"
DL844,Television,566.0,,,"Dun Laoghaire Institute of Art, Design & Technology"
DL845,Design for Film (degree options),628.0,,,"Dun Laoghaire Institute of Art, Design & Technology"
DN100,Architecture,555.0,510.0,473.0,University College Dublin(NUI)
DN120,Landscape Architecture,435.0,407.0,353.0,University College Dublin(NUI)
DN130,City Planning and Environmental Policy,424.0,390.0,367.0,University College Dublin(NUI)
DN150,Engineering (Common Entry),565.0,520.0,511.0,University College Dublin(NUI)
DN200,Science (options),567.0,533.0,521.0,University College Dublin(NUI)
DN201,Computer Science (Common Entry),549.0,510.0,488.0,University College Dublin(NUI)
DN230,Actuarial and Financial Studies,613.0,601.0,577.0,University College Dublin(NUI)
DN240,Sustainability,510.0,440.0,,University College Dublin(NUI)
DN250,Agricultural Science (options),444.0,453.0,420.0,University College Dublin(NUI)
DN252,Dairy Business,,410.0,398.0,University College Dublin(NUI)
DN253,Agri - Environmental Sciences,,413.0,403.0,University College Dublin(NUI)
DN261,Food Science,531.0,476.0,434.0,University College Dublin(NUI)
DN262,Human Nutrition,566.0,531.0,493.0,University College Dublin(NUI)
DN271,Forestry,,311.0,303.0,University College Dublin(NUI)
DN272,"Horticulture, Landscape and Sportsturf Management",,282.0,252.0,University College Dublin(NUI)
DN300,Veterinary Medicine - Undergraduate Entry,601.0,589.0,,University College Dublin(NUI)
DN301,Veterinary Medicine - Graduate Entry (GAMSAT required),,,,University College Dublin(NUI)
DN310,Veterinary Nursing,509.0,466.0,441.0,University College Dublin(NUI)
DN400,Medicine - Undergraduate Entry (HPAT required),743.0,736.0,,University College Dublin(NUI)
DN401,Medicine - Graduate Entry (GAMSAT required),61.0,58.0,,University College Dublin(NUI)
DN410,Radiography,566.0,531.0,507.0,University College Dublin(NUI)
DN411,Radiography - Graduate Entry,,,,University College Dublin(NUI)
DN420,Physiotherapy,601.0,568.0,542.0,University College Dublin(NUI)
DN425,Health and Performance Science,543.0,507.0,488.0,University College Dublin(NUI)
DN430,Sport and Exercise Management,476.0,433.0,436.0,University College Dublin(NUI)
DN440,"Biomedical, Health and Life Sciences",613.0,589.0,,University College Dublin(NUI)
DN450,General Nursing,462.0,421.0,398.0,University College Dublin(NUI)
DN451,Children`s and General Nursing (Integrated),533.0,499.0,,University College Dublin(NUI)
DN452,Midwifery,509.0,473.0,409.0,University College Dublin(NUI)
DN453,Mental Health Nursing,442.0,393.0,379.0,University College Dublin(NUI)
DN520,Joint Honours (options),378.0,310.0,336.0,University College Dublin(NUI)
DN530,Humanities (options),388.0,326.0,348.0,University College Dublin(NUI)
DN541,Modern Languages (options),320.0,300.0,348.0,University College Dublin(NUI)
DN600,Law (options),567.0,543.0,,University College Dublin(NUI)
DN610,Business and Law,567.0,544.0,521.0,University College Dublin(NUI)
DN650,Commerce,555.0,521.0,,University College Dublin(NUI)
DN660,Commerce International (options),554.0,510.0,507.0,University College Dublin(NUI)
DN670,Economics and Finance,625.0,613.0,601.0,University College Dublin(NUI)
DN700,Social Sciences (options),474.0,418.0,388.0,University College Dublin(NUI)
DN710,Economics,532.0,498.0,476.0,University College Dublin(NUI)
DN720,Psychology,564.0,522.0,517.0,University College Dublin(NUI)
DN750,Social Policy and Sociology,421.0,377.0,330.0,University College Dublin(NUI)
DT001,Product Design,,,433.0,Technological University Dublin City Campus
DT028,Transport Operations and Technology,,,279.0,Technological University Dublin City Campus
DT035,Electrical Services and Energy Management,,,293.0,Technological University Dublin City Campus
DT066,Engineering (General Entry),,,400.0,Technological University Dublin City Campus
DT101,Architecture (test and interview),,,,Technological University Dublin City Campus
DT106,Planning and Environmental Management,,,312.0,Technological University Dublin City Campus
DT110,Property Economics (Valuation Surveying),,,367.0,Technological University Dublin City Campus
DT111,Quantity Surveying and Construction Economics,,,391.0,Technological University Dublin City Campus
DT112,Geographic Science,,,287.0,Technological University Dublin City Campus
DT117,Construction Management,,,356.0,Technological University Dublin City Campus
DT175,Architectural Technology,,,388.0,Technological University Dublin City Campus
DT201,Science (General Entry),,,464.0,Technological University Dublin City Campus
DT203,Analytical Chemistry (Environmental Forensic and Pharmaceutical),,,341.0,Technological University Dublin City Campus
DT204,Biomedical Science,,,501.0,Technological University Dublin City Campus
DT205,Mathematical Sciences,,,315.0,Technological University Dublin City Campus
DT206,Biomedical and Molecular Diagnostics,,,473.0,Technological University Dublin City Campus
DT211,Computer Science (Infrastructure),,,381.0,Technological University Dublin City Campus
DT220,Industrial Mathematics,,,300.0,Technological University Dublin City Campus
DT221,Physics with Energy and Environment,,,348.0,Technological University Dublin City Campus
DT222,Physics Technology,,,321.0,Technological University Dublin City Campus
DT223,Human Nutrition and Dietetics,,,553.0,Technological University Dublin City Campus
DT224,Optometry,,,487.0,Technological University Dublin City Campus
DT225,Public Health Nutrition,,,440.0,Technological University Dublin City Campus
DT227,Science with Nanotechnology,,,312.0,Technological University Dublin City Campus
DT228,Computer Science,,,451.0,Technological University Dublin City Campus
DT229,Clinical Measurement Science,,,491.0,Technological University Dublin City Campus
DT235,Physics with Medical Physics and Bioengineering,,,357.0,Technological University Dublin City Campus
DT282,Computer Science (International),,,377.0,Technological University Dublin City Campus
DT299,Chemical Sciences with Medicinal Chemistry,,,420.0,Technological University Dublin City Campus
DT302,Business Analytics,,,325.0,Technological University Dublin City Campus
DT304,E-Commerce in Retailing,,,341.0,Technological University Dublin City Campus
DT321,Business and Law,,,462.0,Technological University Dublin City Campus
DT341,Marketing,,,400.0,Technological University Dublin City Campus
DT343,Retail and Services Management,,,301.0,Technological University Dublin City Campus
DT354,Business Computing,,,322.0,Technological University Dublin City Campus
DT358,Logistics and Supply Chain Management,,,300.0,Technological University Dublin City Campus
DT365,Business and Management,,,440.0,Technological University Dublin City Campus
DT366,Accounting and Finance,,,432.0,Technological University Dublin City Campus
DT398,Human Resource Management,,,375.0,Technological University Dublin City Campus
DT399,Economics and Finance,,,437.0,Technological University Dublin City Campus
DT401,International Hospitality Management,,,300.0,Technological University Dublin City Campus
DT405,Culinary Science,,,308.0,Technological University Dublin City Campus
DT407,Culinary Arts,,,271.0,Technological University Dublin City Campus
DT412,Tourism Marketing,,,284.0,Technological University Dublin City Campus
DT413,Event Management,,,356.0,Technological University Dublin City Campus
DT416,Culinary Entrepreneurship,,,275.0,Technological University Dublin City Campus
DT420,Nutraceuticals in Health and Nutrition,,,392.0,Technological University Dublin City Campus
DT421,Food Innovation,,,321.0,Technological University Dublin City Campus
DT422,Pharmaceutical Healthcare,,,397.0,Technological University Dublin City Campus
DT491,Environmental Health,,,343.0,Technological University Dublin City Campus
DT501,Music,,,,Technological University Dublin City Campus
DT504,Film and Broadcasting,,,443.0,Technological University Dublin City Campus
DT506,Commercial Modern Music,,,,Technological University Dublin City Campus
DT508,Game Design,,,403.0,Technological University Dublin City Campus
DT517,Languages and English Studies,,,326.0,Technological University Dublin City Campus
DT518,Languages and International Tourism,,,307.0,Technological University Dublin City Campus
DT529,Drama (Performance),,,,Technological University Dublin City Campus
DT532,Law (LL.B.),,,422.0,Technological University Dublin City Campus
DT533,Contemporary Visual Culture,,,,Technological University Dublin City Campus
DT544,Interior Design,,,,Technological University Dublin City Campus
DT545,Design - Visual Communication,,,,Technological University Dublin City Campus
DT546,Fine Art,,,,Technological University Dublin City Campus
DT555,International Business and Languages,,,353.0,Technological University Dublin City Campus
DT559,Photography,,,,Technological University Dublin City Campus
DT571,Social Care,,,394.0,Technological University Dublin City Campus
DT572,Early Childhood Education,,,385.0,Technological University Dublin City Campus
DT582,Journalism,,,347.0,Technological University Dublin City Campus
DT596,Print Media Technology and Management,,,252.0,Technological University Dublin City Campus
DT597,Creative and Cultural Industries,,,280.0,Technological University Dublin City Campus
GA181,Accounting,303.0,309.0,303.0,Galway-Mayo Institute of Technology
GA182,Business,285.0,287.0,290.0,Galway-Mayo Institute of Technology
GA183,Business Information Systems,298.0,296.0,309.0,Galway-Mayo Institute of Technology
GA184,Marketing and Sales,300.0,307.0,307.0,Galway-Mayo Institute of Technology
GA185,Finance and Economics,318.0,293.0,307.0,Galway-Mayo Institute of Technology
GA186,Business with Entrepreneurship,287.0,280.0,297.0,Galway-Mayo Institute of Technology
GA187,Rural Enterprise and Agri-Business (Mountbellew Campus),291.0,281.0,280.0,Galway-Mayo Institute of Technology
GA281,Film and Documentary,301.0,304.0,287.0,Galway-Mayo Institute of Technology
GA282,Heritage Studies,252.0,220.0,238.0,Galway-Mayo Institute of Technology
GA283,Contemporary Art,790.0,679.0,260.0,Galway-Mayo Institute of Technology
GA284,Design,331.0,303.0,309.0,Galway-Mayo Institute of Technology
GA285,Education (Art  Design and Graphics),406.0,,,Galway-Mayo Institute of Technology
GA380,International Hotel Management,218.0,242.0,225.0,Galway-Mayo Institute of Technology
GA381,International Tourism Management,252.0,278.0,261.0,Galway-Mayo Institute of Technology
GA382,Culinary and Gastronomic Science,235.0,206.0,225.0,Galway-Mayo Institute of Technology
GA384,Event Management with Public Relations,230.0,212.0,209.0,Galway-Mayo Institute of Technology
GA385,Retail Management,,,219.0,Galway-Mayo Institute of Technology
GA480,Construction Management,302.0,260.0,260.0,Galway-Mayo Institute of Technology
GA482,Quantity Surveying and Construction Economics,304.0,288.0,280.0,Galway-Mayo Institute of Technology
GA483,Architectural Technology,273.0,265.0,251.0,Galway-Mayo Institute of Technology
GA484,Civil Engineering,377.0,290.0,270.0,Galway-Mayo Institute of Technology
GA580,Software and Electronic Engineering,300.0,300.0,301.0,Galway-Mayo Institute of Technology
GA680,Mechanical Engineering,400.0,330.0,336.0,Galway-Mayo Institute of Technology
GA681,Energy Engineering,312.0,293.0,281.0,Galway-Mayo Institute of Technology
GA682,Biomedical Engineering,331.0,313.0,331.0,Galway-Mayo Institute of Technology
GA683,Agricultural Engineering,304.0,309.0,301.0,Galway-Mayo Institute of Technology
GA684,Engineering (Common entry to Agri/Biomed/Energy/Mech Eng),413.0,340.0,346.0,Galway-Mayo Institute of Technology
GA685,Manufacturing Engineering Design,336.0,309.0,,Galway-Mayo Institute of Technology
GA780,Applied Freshwater and Marine Biology,366.0,327.0,300.0,Galway-Mayo Institute of Technology
GA781,Applied Biology and Biopharmaceutical Science,381.0,337.0,317.0,Galway-Mayo Institute of Technology
GA782,Chemical and Pharmaceutical Science,356.0,336.0,307.0,Galway-Mayo Institute of Technology
GA783,Physics and Instrumentation,301.0,363.0,373.0,Galway-Mayo Institute of Technology
GA784,Science (Undenominated),445.0,372.0,327.0,Galway-Mayo Institute of Technology
GA785,Medical Science,510.0,473.0,451.0,Galway-Mayo Institute of Technology
GA786,Forensic Science and Analysis,408.0,317.0,300.0,Galway-Mayo Institute of Technology
GA787,Computing in Software Development,310.0,270.0,275.0,Galway-Mayo Institute of Technology
GA788,Computing and Digital Media,270.0,282.0,270.0,Galway-Mayo Institute of Technology
GA789,Agriculture and Environmental Management,340.0,289.0,297.0,Galway-Mayo Institute of Technology
GA790,Sport and Exercise Science,366.0,356.0,350.0,Galway-Mayo Institute of Technology
GA791,Public Health Nutrition,368.0,368.0,364.0,Galway-Mayo Institute of Technology
GA880,General Nursing,440.0,422.0,,Galway-Mayo Institute of Technology
GA882,Psychiatric Nursing - Mayo Campus,369.0,367.0,346.0,Galway-Mayo Institute of Technology
GA885,Outdoor Education,269.0,252.0,210.0,Galway-Mayo Institute of Technology
GA887,History and Geography,201.0,244.0,228.0,Galway-Mayo Institute of Technology
GA889,Applied Social Care,265.0,266.0,260.0,Galway-Mayo Institute of Technology
GA890,Early Childhood Care and Education - Mayo Campus,227.0,270.0,278.0,Galway-Mayo Institute of Technology
GA891,Geography and Outdoor Education,261.0,244.0,,Galway-Mayo Institute of Technology
GA892,Community Development and Youth Work (Level 8),,,,Galway-Mayo Institute of Technology
GA980,Education (Design Graphics and Construction),410.0,377.0,376.0,Galway-Mayo Institute of Technology
GA981,Furniture Design and Manufacture - Letterfrack Campus,346.0,,271.0,Galway-Mayo Institute of Technology
GA982,Furniture Making and Architectural Woodworking,360.0,,270.0,Galway-Mayo Institute of Technology
GA983,Furniture and Digital Manufacturing,,,,Galway-Mayo Institute of Technology
GA984,"Furniture Design, Making and Technology - Common Entry",467.0,284.0,,Galway-Mayo Institute of Technology
GC200,Business,242.0,252.0,269.0,"Griffith College Dublin, Cork & Limerick"
GC201,Accounting and Finance,226.0,303.0,251.0,"Griffith College Dublin, Cork & Limerick"
GC230,Computing Science,289.0,325.0,228.0,"Griffith College Dublin, Cork & Limerick"
GC250,Communications and Media Production,,,,"Griffith College Dublin, Cork & Limerick"
GC300,Business Studies,264.0,390.0,251.0,"Griffith College Dublin, Cork & Limerick"
GC301,Accounting and Finance,,253.0,307.0,"Griffith College Dublin, Cork & Limerick"
GC302,Business - HRM,377.0,,269.0,"Griffith College Dublin, Cork & Limerick"
GC305,International Hospitality Management,,253.0,327.0,"Griffith College Dublin, Cork & Limerick"
GC307,Business (Marketing),270.0,,,"Griffith College Dublin, Cork & Limerick"
GC400,Business,228.0,248.0,246.0,"Griffith College Dublin, Cork & Limerick"
GC401,Accounting and Finance,242.0,202.0,181.0,"Griffith College Dublin, Cork & Limerick"
GC402,Business Studies (HRM),,218.0,217.0,"Griffith College Dublin, Cork & Limerick"
GC403,Law,242.0,228.0,225.0,"Griffith College Dublin, Cork & Limerick"
GC405,International Hospitality Management (Dublin),,,254.0,"Griffith College Dublin, Cork & Limerick"
GC407,Business (Marketing),264.0,218.0,246.0,"Griffith College Dublin, Cork & Limerick"
GC430,Computing Science,251.0,220.0,217.0,"Griffith College Dublin, Cork & Limerick"
GC450,Communications and Media Production,225.0,254.0,227.0,"Griffith College Dublin, Cork & Limerick"
GC462,Design Communication (portfolio),300.0,,,"Griffith College Dublin, Cork & Limerick"
GC489,Interior Architecture (Dublin),274.0,254.0,,"Griffith College Dublin, Cork & Limerick"
GC494,Fashion Design (Dublin),351.0,217.0,,"Griffith College Dublin, Cork & Limerick"
GY101,Arts (Joint-Honours),326.0,300.0,300.0,"National University Of Ireland, Galway"
GY104,BSc (Psychology),555.0,519.0,507.0,"National University Of Ireland, Galway"
GY105,Arts (History),357.0,301.0,318.0,"National University Of Ireland, Galway"
GY107,Na Dána (Gaeilge agus Léann an Aistriúcháin),,409.0,330.0,"National University Of Ireland, Galway"
GY109,Arts (Mathematics and Education),413.0,403.0,411.0,"National University Of Ireland, Galway"
GY110,Arts (Children and Youth Studies - options),387.0,357.0,382.0,"National University Of Ireland, Galway"
GY111,Arts with Creative Writing,420.0,330.0,402.0,"National University Of Ireland, Galway"
GY112,Arts with Film Studies,,321.0,338.0,"National University Of Ireland, Galway"
GY113,Arts with Human Rights,413.0,368.0,338.0,"National University Of Ireland, Galway"
GY115,Arts with Performing Arts Studies,300.0,387.0,328.0,"National University Of Ireland, Galway"
GY118,Arts (Drama  Theatre and Performance Studies),430.0,451.0,410.0,"National University Of Ireland, Galway"
GY119,Journalism,473.0,400.0,410.0,"National University Of Ireland, Galway"
GY120,"Arts (Child, Youth and Family: Policy and Practice)",,350.0,309.0,"National University Of Ireland, Galway"
GY121,Arts (Children's Studies),,356.0,356.0,"National University Of Ireland, Galway"
GY122,Na Dána (Cumarsáid agus Gaeilge),410.0,361.0,308.0,"National University Of Ireland, Galway"
GY123,Applied Social Sciences,419.0,358.0,357.0,"National University Of Ireland, Galway"
GY124,Arts (Arts with Data Science),,454.0,434.0,"National University Of Ireland, Galway"
GY125,Arts (Digital Arts and Technology),403.0,328.0,324.0,"National University Of Ireland, Galway"
GY126,Arts (English and Media Studies),,391.0,418.0,"National University Of Ireland, Galway"
GY127,Arts (Film and Digital Media),421.0,401.0,387.0,"National University Of Ireland, Galway"
GY128,Arts (Global Languages),346.0,352.0,370.0,"National University Of Ireland, Galway"
GY129,Arts (Global Experienc,465.0,420.0,408.0,"National University Of Ireland, Galway"
GY130,Arts (Music),462.0,408.0,400.0,"National University Of Ireland, Galway"
GY131,Arts (History and Globalisation Studies),,360.0,340.0,"National University Of Ireland, Galway"
GY132,"Government (Politics, Economics and Law)",451.0,407.0,402.0,"National University Of Ireland, Galway"
GY133,Education (Computer Science and Mathematical  Studies),454.0,422.0,401.0,"National University Of Ireland, Galway"
GY134,Geography and Geosystems,425.0,410.0,,"National University Of Ireland, Galway"
GY135,Arts (Global Media),442.0,,,"National University Of Ireland, Galway"
GY136,Na DÃ¡na (LÃ©ann Teanga - options),526.0,,,"National University Of Ireland, Galway"
GY201,Commerce,476.0,433.0,420.0,"National University Of Ireland, Galway"
GY202,Commerce (International) with French,520.0,484.0,484.0,"National University Of Ireland, Galway"
GY203,Commerce (International) with German,518.0,489.0,489.0,"National University Of Ireland, Galway"
GY204,Commerce (International) with Spanish,506.0,495.0,484.0,"National University Of Ireland, Galway"
GY206,Business Information Systems (Work Placement & Optional Int`l Study),509.0,465.0,431.0,"National University Of Ireland, Galway"
GY207,Commerce (Accounting) including optional Global Ex,543.0,509.0,486.0,"National University Of Ireland, Galway"
GY208,Commerce (Gaeilg,508.0,473.0,473.0,"National University Of Ireland, Galway"
GY209,Commerce (Global Experienc,551.0,530.0,509.0,"National University Of Ireland, Galway"
GY250,Law and Business,510.0,487.0,436.0,"National University Of Ireland, Galway"
GY251,Law (BCL),542.0,499.0,473.0,"National University Of Ireland, Galway"
GY252,Law & Human Rights,565.0,520.0,510.0,"National University Of Ireland, Galway"
GY253,Law and Taxation,506.0,509.0,,"National University Of Ireland, Galway"
GY254,Law (BCL)  Criminology and Criminal Justice,548.0,530.0,,"National University Of Ireland, Galway"
GY261,Business Studies in International Hotel Management,503.0,497.0,,"National University Of Ireland, Galway"
GY262,Commerce in International Hotel Management (interv,709.0,681.0,,"National University Of Ireland, Galway"
GY301,Science,488.0,432.0,400.0,"National University Of Ireland, Galway"
GY303,Biomedical Science,613.0,556.0,533.0,"National University Of Ireland, Galway"
GY304,Biotechnology,495.0,465.0,473.0,"National University Of Ireland, Galway"
GY308,Environmental Science,430.0,408.0,413.0,"National University Of Ireland, Galway"
GY309,Financial Mathematics and Economics,509.0,487.0,454.0,"National University Of Ireland, Galway"
GY310,Marine Science,467.0,419.0,409.0,"National University Of Ireland, Galway"
GY313,Environmental Health and Safety,412.0,412.0,402.0,"National University Of Ireland, Galway"
GY314,Earth and Ocean Sciences,422.0,403.0,402.0,"National University Of Ireland, Galway"
GY318,Biopharmaceutical Chemistry,555.0,509.0,510.0,"National University Of Ireland, Galway"
GY319,Mathematical Science,543.0,476.0,456.0,"National University Of Ireland, Galway"
GY320,Physics (Degree options: Applied Astrophysics Biom,465.0,402.0,401.0,"National University Of Ireland, Galway"
GY321,Genetics and Genomics,532.0,508.0,,"National University Of Ireland, Galway"
GY322,Agricultural Sciences,485.0,,,"National University Of Ireland, Galway"
GY350,Computer Science and Information Technology,495.0,403.0,425.0,"National University Of Ireland, Galway"
GY401,Engineering (Undenominated),520.0,465.0,444.0,"National University Of Ireland, Galway"
GY402,Civil Engineering,521.0,455.0,509.0,"National University Of Ireland, Galway"
GY405,Mechanical Engineering,541.0,454.0,443.0,"National University Of Ireland, Galway"
GY406,Electronic and Computer Engineering,555.0,510.0,509.0,"National University Of Ireland, Galway"
GY408,Biomedical Engineering,554.0,509.0,519.0,"National University Of Ireland, Galway"
GY410,Project and Construction Management,431.0,403.0,434.0,"National University Of Ireland, Galway"
GY413,Energy Systems Engineering,509.0,502.0,532.0,"National University Of Ireland, Galway"
GY414,Electrical and Electronic Engineering,433.0,405.0,454.0,"National University Of Ireland, Galway"
GY501,"Medicine (five year/six year course, HPAT required)",737.0,728.0,,"National University Of Ireland, Galway"
GY502,Occupational Therapy,601.0,555.0,532.0,"National University Of Ireland, Galway"
GY503,Speech and Language Therapy,578.0,543.0,529.0,"National University Of Ireland, Galway"
GY504,Podiatric Medicine,526.0,443.0,434.0,"National University Of Ireland, Galway"
GY515,General Nursing (Galway and Portiuncula),496.0,473.0,442.0,"National University Of Ireland, Galway"
GY516,Mental Health Nursing,441.0,440.0,388.0,"National University Of Ireland, Galway"
GY517,Midwifery,509.0,495.0,429.0,"National University Of Ireland, Galway"
ID001,Accounting and Finance,,203.0,229.0,"ICD Business School, Dublin"
ID002,Business Studies,,294.0,285.0,"ICD Business School, Dublin"
ID003,Business Studies with Chinese,,,,"ICD Business School, Dublin"
LC110,"Art and Design (Common Entry, portfolio)",794.0,740.0,,Limerick Institute of Technology
LC114,Fashion and Textiles for Product and Costume (portfolio),914.0,880.0,,Limerick Institute of Technology
LC115,Art and Design Teacher Education (portfolio),993.0,942.0,,Limerick Institute of Technology
LC220,Digital Marketing,263.0,262.0,254.0,Limerick Institute of Technology
LC223,Law and Taxation,331.0,307.0,308.0,Limerick Institute of Technology
LC224,Accounting and Finance,300.0,300.0,299.0,Limerick Institute of Technology
LC225,Marketing and Management,298.0,298.0,298.0,Limerick Institute of Technology
LC226,Enterprise and Innovation,255.0,234.0,216.0,Limerick Institute of Technology
LC233,Software Development,280.0,272.0,300.0,Limerick Institute of Technology
LC234,Immersive Digital Media and Spatial Computing,226.0,225.0,219.0,Limerick Institute of Technology
LC236,Internet Systems Development,260.0,260.0,298.0,Limerick Institute of Technology
LC239,Computer Networks and Systems Management,317.0,309.0,335.0,Limerick Institute of Technology
LC241,Construction Management,326.0,255.0,276.0,Limerick Institute of Technology
LC242,Property Valuation and Management,308.0,282.0,292.0,Limerick Institute of Technology
LC243,Quantity Surveying,278.0,298.0,281.0,Limerick Institute of Technology
LC248,Built Environment (Common Entry),300.0,288.0,307.0,Limerick Institute of Technology
LC252,Civil Engineering Management,264.0,270.0,281.0,Limerick Institute of Technology
LC263,Clinical Technology,391.0,294.0,282.0,Limerick Institute of Technology
LC265,Forensic and Pharmaceutical Sciences,498.0,413.0,335.0,Limerick Institute of Technology
LC266,Drug and Medicinal Product Analysis,252.0,262.0,236.0,Limerick Institute of Technology
LC275,Electrical Engineering,347.0,298.0,288.0,Limerick Institute of Technology
LC288,Mechanical Engineering,369.0,346.0,307.0,Limerick Institute of Technology
LC289,Precision Engineering,261.0,291.0,280.0,Limerick Institute of Technology
LC292,Social Care Work,374.0,367.0,360.0,Limerick Institute of Technology
LC293,Business Studies with Travel and Tourism Management,264.0,307.0,299.0,Limerick Institute of Technology
LC294,Business Studies with Event Management,279.0,279.0,271.0,Limerick Institute of Technology
LC295,Business Studies with Sports Management,262.0,252.0,263.0,Limerick Institute of Technology
LC297,Community and Addiction Studies,262.0,235.0,217.0,Limerick Institute of Technology
LC320,Business,381.0,346.0,337.0,Limerick Institute of Technology
LC330,Business with Computing,308.0,297.0,298.0,Limerick Institute of Technology
LC340,Interior Design,368.0,350.0,298.0,Limerick Institute of Technology
LC362,Biotechnology and Biopharmaceutical Sciences,429.0,413.0,379.0,Limerick Institute of Technology
LC371,Creative Broadcast and Film Production,310.0,309.0,298.0,Limerick Institute of Technology
LC372,Music Technology and Production,377.0,325.0,321.0,Limerick Institute of Technology
LC374,Renewable and Electrical Energy Engineering,319.0,318.0,317.0,Limerick Institute of Technology
LC375,Industrial Automation & Robotic Systems,309.0,317.0,321.0,Limerick Institute of Technology
LC376,Electronic Engineering with Computer Systems,357.0,318.0,308.0,Limerick Institute of Technology
LC380,Automotive Engineering and Transport Management,298.0,298.0,282.0,Limerick Institute of Technology
LC392,Business Studies in Beauty and Spa Management,317.0,236.0,217.0,Limerick Institute of Technology
LC393,Early Childhood Education and Care,276.0,236.0,260.0,Limerick Institute of Technology
LC401,Early Childhood Education & Care (Thurles),,297.0,298.0,Limerick Institute of Technology
LC402,Social Care Work,228.0,225.0,209.0,Limerick Institute of Technology
LC408,Environmental and Geographical Sciences (Thurles),279.0,279.0,262.0,Limerick Institute of Technology
LC411,Marketing and Management (Thurles),,,226.0,Limerick Institute of Technology
LC414,Data Analytics and Cyber Security,,236.0,,Limerick Institute of Technology
LC416,Business,260.0,274.0,,Limerick Institute of Technology
LC418,Computing - Games Design and Development (Thurles),256.0,270.0,271.0,Limerick Institute of Technology
LC422,Sports Strength and Conditioning (Thurles),289.0,298.0,288.0,Limerick Institute of Technology
LC434,Environmental Science and Agriculture,,297.0,278.0,Limerick Institute of Technology
LC502,Game Art and Design (portfolio),841.0,852.0,,Limerick Institute of Technology
LC517,Creative Media and Design,279.0,234.0,229.0,Limerick Institute of Technology
LC518,"Digital Animation Production (Clonmel, portfolio)",807.0,808.0,,Limerick Institute of Technology
LC612,Social Care Work (Ennis),309.0,320.0,319.0,Limerick Institute of Technology
LC613,Early Childhood Education and Care,,242.0,346.0,Limerick Institute of Technology
LM002,Arts (offered in conjunction with Mary Immaculate College),360.0,348.0,329.0,University of Limerick
LM019,Social Sciences,451.0,,,University of Limerick
LM020,Law and Accounting,474.0,465.0,436.0,University of Limerick
LM026,Performing Arts (audition required),329.0,303.0,,University of Limerick
LM028,Criminal Justice,420.0,418.0,387.0,University of Limerick
LM029,Law Plus,530.0,490.0,473.0,University of Limerick
LM038,Psychology and Sociology,530.0,500.0,478.0,University of Limerick
LM039,Journalism and Digital Communication,432.0,402.0,388.0,University of Limerick
LM040,European Studies,409.0,369.0,350.0,University of Limerick
LM044,Applied Languages,429.0,442.0,404.0,University of Limerick
LM050,Business Studies,451.0,431.0,419.0,University of Limerick
LM056,International Business,555.0,528.0,511.0,University of Limerick
LM058,Financial Mathematics,468.0,403.0,434.0,University of Limerick
LM063,Technology Management,410.0,379.0,372.0,University of Limerick
LM066,Environmental Science,430.0,,,University of Limerick
LM068,Food Science and Health,464.0,421.0,400.0,University of Limerick
LM076,Product Design and Technology (portfolio required),401.0,408.0,,University of Limerick
LM077,Aeronautical Engineering,567.0,520.0,469.0,University of Limerick
LM082,Construction Management and Engineering,446.0,398.0,368.0,University of Limerick
LM089,Sport and Exercise Sciences,498.0,474.0,441.0,University of Limerick
LM090,Physical Education with concurrent Teacher Educati,544.0,532.0,,University of Limerick
LM091,Languages with concurrent Teacher Education,506.0,517.0,,University of Limerick
LM092,Science with Teacher Ed (Biology with Physics/Chem,521.0,507.0,478.0,University of Limerick
LM093,Equine Science,367.0,339.0,338.0,University of Limerick
LM094,Materials and Architectural Technology with concurrent Teacher Education,475.0,440.0,405.0,University of Limerick
LM095,Materials and Engineering Technology with concurre,425.0,367.0,358.0,University of Limerick
LM096,Science with Teacher Ed (Physical Sciences with Chemistry and Physics),454.0,405.0,382.0,University of Limerick
LM097,Mathematics and Computer Science with concurrent Teacher Education,465.0,402.0,,University of Limerick
LM099,Architecture (portfolio requirement suspended),520.0,498.0,,University of Limerick
LM100,Physiotherapy,613.0,589.0,,University of Limerick
LM101,Medicine  - Graduate Entry (GAMSAT required),57.0,55.0,,University of Limerick
LM102,Psychology,534.0,509.0,495.0,University of Limerick
LM103,Paramedic Studies (B and C1 Drivers Licence),429.0,392.0,,University of Limerick
LM105,Exercise and Health Fitness Management,441.0,,,University of Limerick
LM115,Chemical and Biochemical Engineering,476.0,454.0,456.0,University of Limerick
LM116,Engineering (Biomedical/Civil/Design and Manufacture/Mechanical),498.0,476.0,434.0,University of Limerick
LM118,Electronic and Computer Engineering,445.0,403.0,401.0,University of Limerick
LM121,Computer Science (Computer Systems/Games Dev/Mobile Comm Security),402.0,351.0,352.0,University of Limerick
LM122,Creative Media and Interaction Design (Digital Design/Music Media Tech),382.0,327.0,330.0,University of Limerick
LM123,Biological & Chemical Sciences (Biosci/Envir Sci/Ind Bio/IndPharma Chem),498.0,441.0,412.0,University of Limerick
LM124,Mathematics (Math Science/Maths and Physics/Economics and Math Scien,455.0,437.0,,University of Limerick
LM125,Physics (Applied Physics or Mathematics & Physics),489.0,404.0,405.0,University of Limerick
LM150,General Nursing,487.0,475.0,,University of Limerick
LM152,Mental Health Nursing,466.0,419.0,388.0,University of Limerick
LM154,Intellectual Disability Nursing,443.0,440.0,,University of Limerick
LM156,Midwifery,508.0,469.0,429.0,University of Limerick
LY108,Business - Accounting,312.0,309.0,318.0,Letterkenny Institute of Technology
LY118,Business,288.0,290.0,287.0,Letterkenny Institute of Technology
LY128,Marketing with Online Technologies,261.0,,,Letterkenny Institute of Technology
LY208,Law,290.0,300.0,300.0,Letterkenny Institute of Technology
LY218,Business - with Spanish/Irish options,,,298.0,Letterkenny Institute of Technology
LY228,Sports and Exercise - Common Entry,290.0,300.0,278.0,Letterkenny Institute of Technology
LY408,Design - Common Entry,301.0,320.0,,Letterkenny Institute of Technology
LY508,Fire Safety Engineering,283.0,276.0,270.0,Letterkenny Institute of Technology
LY518,Quantity Surveying,304.0,301.0,307.0,Letterkenny Institute of Technology
LY528,Construction Management,262.0,271.0,267.0,Letterkenny Institute of Technology
LY538,Architectural Technology,234.0,,,Letterkenny Institute of Technology
LY608,Mechanical Engineering,300.0,300.0,304.0,Letterkenny Institute of Technology
LY618,Electronic Engineering,321.0,312.0,307.0,Letterkenny Institute of Technology
LY708,Applied Computing,320.0,306.0,300.0,Letterkenny Institute of Technology
LY748,Computer Science,316.0,317.0,,Letterkenny Institute of Technology
LY818,Science - Common Entry,302.0,303.0,302.0,Letterkenny Institute of Technology
LY828,Agriculture - Common Entry,300.0,307.0,300.0,Letterkenny Institute of Technology
LY908,General Nursing,429.0,400.0,383.0,Letterkenny Institute of Technology
LY918,Psychiatric Nursing,367.0,357.0,,Letterkenny Institute of Technology
LY928,Intellectual Disability Nursing,357.0,328.0,288.0,Letterkenny Institute of Technology
LY968,"Early Childhood Care, Health and Education",288.0,303.0,300.0,Letterkenny Institute of Technology
LY978,Health & Social Care (Common Entry),279.0,280.0,260.0,Letterkenny Institute of Technology
MH001,Education - Primary Teaching (Froebel),564.0,507.0,,Maynooth University
MH002,Education - Primary Teaching - Gaeltacht Applicants (Froebel),,,,Maynooth University
MH003,Early Childhood - Teaching and Learning (full-time,381.0,,,Maynooth University
MH101,Arts,336.0,318.0,316.0,Maynooth University
MH103,Music,,,,Maynooth University
MH106,Psychology - 3 years,554.0,521.0,495.0,Maynooth University
MH107,Social Science,390.0,346.0,326.0,Maynooth University
MH109,Media Studies,324.0,316.0,317.0,Maynooth University
MH116,Community and Youth Work (Full-Tim,,,,Maynooth University
MH201,Science,400.0,360.0,350.0,Maynooth University
MH202,Biotechnology,489.0,455.0,429.0,Maynooth University
MH203,Biological and Geographical Sciences,451.0,430.0,,Maynooth University
MH204,Physics with Astrophysics,422.0,422.0,420.0,Maynooth University
MH206,Theoretical Physics and Mathematics,521.0,510.0,498.0,Maynooth University
MH207,Data Science,444.0,445.0,434.0,Maynooth University
MH208,Biological and Biomedical Sciences,543.0,498.0,451.0,Maynooth University
MH209,Psychology (through Scienc - 4 years,529.0,498.0,473.0,Maynooth University
MH210,Pharmaceutical and Biomedical Chemistry,510.0,487.0,446.0,Maynooth University
MH212,Science/Computer Science/Mathematics (with Education) - options,443.0,422.0,444.0,Maynooth University
MH304,Engineering (Computer/Electronic/Communications),351.0,333.0,371.0,Maynooth University
MH305,Product Design,326.0,357.0,358.0,Maynooth University
MH306,Robotics and Intelligent Devices,362.0,361.0,361.0,Maynooth University
MH401,Finance (options),370.0,357.0,352.0,Maynooth University
MH402,Quantitative Finance,476.0,476.0,476.0,Maynooth University
MH403,Accounting and Finance,424.0,422.0,402.0,Maynooth University
MH404,Business (options),441.0,430.0,400.0,Maynooth University
MH405,Equine Business,,357.0,357.0,Maynooth University
MH407,Business and Accounting,423.0,420.0,401.0,Maynooth University
MH411,Entrepreneurship,378.0,371.0,358.0,Maynooth University
MH501,LLB Law - four year Single Major Law programme,507.0,473.0,451.0,Maynooth University
MH502,Law (options),465.0,451.0,410.0,Maynooth University
MH601,Computer Science through Arts (options),381.0,352.0,342.0,Maynooth University
MH602,Computer Science through Science (options),400.0,351.0,357.0,Maynooth University
MH603,Computational Thinking,520.0,532.0,520.0,Maynooth University
MH801,Early Childhood - Teaching and Learning (part-tim,,327.0,347.0,Maynooth University
MH802,Community and Youth Work (part-time  in servic,,,,Maynooth University
MH803,"Local Studies/Community Studies (part-time, evening) - Mature Students",,,,Maynooth University
MI001,Contemporary & Applied Theatre Studies,209.0,390.0,345.0,Mary Immaculate College of Education
MI002,Arts,280.0,281.0,300.0,Mary Immaculate College of Education
MI004,Education - Primary Teaching - International,589.0,577.0,,Mary Immaculate College of Education
MI005,Education - Primary Teaching,522.0,495.0,,Mary Immaculate College of Education
MI006,Education - Primary Teaching (Gaeltacht Applicants),485.0,462.0,,Mary Immaculate College of Education
MI007,Early Childhood Care and Education,409.0,357.0,366.0,Mary Immaculate College of Education
MI008,Education and Psychology - Primary Teaching,590.0,588.0,543.0,Mary Immaculate College of Education
MI009,Education  Business Studies and Accounting,434.0,402.0,392.0,Mary Immaculate College of Education
MI010,"Education, Business Studies and Religious Studies",370.0,368.0,326.0,Mary Immaculate College of Education
MI011,Education  Gaeilge and Religious Studies,407.0,409.0,377.0,Mary Immaculate College of Education
MI012,"Education, Irish and Business Studies (Thurles Campus)",387.0,401.0,398.0,Mary Immaculate College of Education
MI013,"Education, Mathematics and Gaeilge (Thurles Campus)",509.0,444.0,433.0,Mary Immaculate College of Education
MI014,Education  Mathematics and Business Studies,476.0,434.0,,Mary Immaculate College of Education
MU001,Theology and Arts,294.0,290.0,290.0,"Pontifical University, Maynooth"
MU002,Theology,,440.0,292.0,"Pontifical University, Maynooth"
NC003,Computing (Degree Award options),271.0,260.0,261.0,National College of Ireland(NCI)
NC005,Human Resource Management,301.0,300.0,297.0,National College of Ireland(NCI)
NC009,Business,300.0,300.0,297.0,National College of Ireland(NCI)
NC010,Psychology,420.0,400.0,366.0,National College of Ireland(NCI)
NC020,Marketing Practice,270.0,282.0,270.0,National College of Ireland(NCI)
NC022,Accounting and Finance,330.0,337.0,338.0,National College of Ireland(NCI)
NC023,Technology Management (with specialisations),266.0,261.0,260.0,National College of Ireland(NCI)
NC025,Data Science,,,297.0,National College of Ireland(NCI)
NC030,Early Childhood Education and Care,251.0,,,National College of Ireland(NCI)
NM801,Montessori Education,262.0,220.0,,St Nicholas Montessori College Ireland
NM802,Psychology,228.0,,,St Nicholas Montessori College Ireland
PC405,"Social, Political and Community Studies",235.0,216.0,251.0,"Carlow College, St. Patrick`s"
PC410,Arts and Humanities (fulfils Teaching Council requirements),230.0,209.0,203.0,"Carlow College, St. Patrick`s"
PC411,English and History (fulfils Teaching Council requ,224.0,209.0,168.0,"Carlow College, St. Patrick`s"
RC001,Medicine - Undergraduate Entry (HPAT required),740.0,733.0,,RCSI University of Medicine & Health Sciences
RC004,Physiotherapy,589.0,566.0,,RCSI University of Medicine & Health Sciences
RC005,Pharmacy,613.0,578.0,555.0,RCSI University of Medicine & Health Sciences
RC101,Medicine - Graduate Entry (GAMSAT required),,61.0,,RCSI University of Medicine & Health Sciences
SG141,Business,262.0,261.0,252.0,Institute of Technology Sligo
SG142,Business in International Marketing and Languages (French),,279.0,270.0,Institute of Technology Sligo
SG144,Business in International Marketing and Sales with Spanish,,270.0,280.0,Institute of Technology Sligo
SG145,Business and ICT,279.0,,,Institute of Technology Sligo
SG146,Accounting,304.0,309.0,307.0,Institute of Technology Sligo
SG147,Sport with Business,288.0,307.0,269.0,Institute of Technology Sligo
SG148,Tourism with Event Management,298.0,269.0,246.0,Institute of Technology Sligo
SG149,Business in Finance and Investment,,,262.0,Institute of Technology Sligo
SG150,Business in Marketing,298.0,,,Institute of Technology Sligo
SG241,Performing Arts,341.0,328.0,279.0,Institute of Technology Sligo
SG242,Early Childhood Care and Education,287.0,279.0,278.0,Institute of Technology Sligo
SG243,Social Care Practice,309.0,301.0,297.0,Institute of Technology Sligo
SG244,Fine Art,501.0,505.0,,Institute of Technology Sligo
SG245,Creative Design,332.0,282.0,261.0,Institute of Technology Sligo
SG246,Computing,316.0,290.0,295.0,Institute of Technology Sligo
SG247,English and Psychology,319.0,309.0,308.0,Institute of Technology Sligo
SG248,Sociology and Politics,298.0,281.0,282.0,Institute of Technology Sligo
SG249,Writing and Literature,308.0,297.0,279.0,Institute of Technology Sligo
SG250,Application Design and User Experience,,412.0,290.0,Institute of Technology Sligo
SG251,Computing (Smart Technologies),,342.0,303.0,Institute of Technology Sligo
SG252,Software Development,310.0,307.0,300.0,Institute of Technology Sligo
SG253,Computing in Computer Networks and Cyber Security,336.0,378.0,273.0,Institute of Technology Sligo
SG254,Writing and Literature Online,327.0,225.0,,Institute of Technology Sligo
SG255,Law and Business,291.0,,,Institute of Technology Sligo
SG341,General Engineering,373.0,,,Institute of Technology Sligo
SG342,Civil Engineering,418.0,415.0,,Institute of Technology Sligo
SG343,Quantity Surveying,300.0,311.0,261.0,Institute of Technology Sligo
SG344,Mechanical Engineering,412.0,,,Institute of Technology Sligo
SG346,Construction Project Management and Applied Technology,313.0,291.0,289.0,Institute of Technology Sligo
SG347,Architecture,403.0,360.0,309.0,Institute of Technology Sligo
SG348,Interior Architecture and Design,359.0,331.0,,Institute of Technology Sligo
SG349,Electronics and Self Driving Technologies,,,,Institute of Technology Sligo
SG350,Robotics and Automation,384.0,,,Institute of Technology Sligo
SG441,Environmental Science,,,297.0,Institute of Technology Sligo
SG442,Occupational Safety and Health,307.0,290.0,289.0,Institute of Technology Sligo
SG443,Human Nutrition,376.0,356.0,357.0,Institute of Technology Sligo
SG444,Science Undenominated,358.0,338.0,308.0,Institute of Technology Sligo
SG445,Pharmaceutical Science with Drug Development,357.0,311.0,347.0,Institute of Technology Sligo
SG446,Applied Archaeology,,,289.0,Institute of Technology Sligo
SG447,Health Science and Physical Activity,326.0,328.0,316.0,Institute of Technology Sligo
SG448,Forensic Investigation and Analysis,308.0,307.0,306.0,Institute of Technology Sligo
SG449,Medical Biotechnology,315.0,341.0,329.0,Institute of Technology Sligo
SG450,Environmental Science with Ecology (Level 8),310.0,304.0,,Institute of Technology Sligo
TA022,Creative Digital Media,,,260.0,Technological University Dublin Tallaght Campus
TA023,Advertising and Marketing Communications,,,235.0,Technological University Dublin Tallaght Campus
TA024,Early Childhood Care and Education,,,217.0,Technological University Dublin Tallaght Campus
TA025,Social Care Practice,,,261.0,Technological University Dublin Tallaght Campus
TA026,International Hospitality and Tourism Management,,,208.0,Technological University Dublin Tallaght Campus
TA027,Botanical Cuisine,,,236.0,Technological University Dublin Tallaght Campus
TA028,Digital Marketing Technologies,,,220.0,Technological University Dublin Tallaght Campus
TA121,Accounting and Finance,,,202.0,Technological University Dublin Tallaght Campus
TA122,Management,,,218.0,Technological University Dublin Tallaght Campus
TA123,Marketing Management,,,207.0,Technological University Dublin Tallaght Campus
TA125,International Business,,,229.0,Technological University Dublin Tallaght Campus
TA221,Electronic Engineering,,,251.0,Technological University Dublin Tallaght Campus
TA222,Mechanical Engineering,,,243.0,Technological University Dublin Tallaght Campus
TA223,Sustainable Energy Engineering,,,236.0,Technological University Dublin Tallaght Campus
TA224,Biomedical Design,,,218.0,Technological University Dublin Tallaght Campus
TA225,Automation Engineering,,,235.0,Technological University Dublin Tallaght Campus
TA226,Engineering Software,,,243.0,Technological University Dublin Tallaght Campus
TA321,Pharmaceutical Science,,,261.0,Technological University Dublin Tallaght Campus
TA322,Computing,,,200.0,Technological University Dublin Tallaght Campus
TA323,Computing with IT Management,,,243.0,Technological University Dublin Tallaght Campus
TA326,DNA and Forensic Analysis,,,300.0,Technological University Dublin Tallaght Campus
TA327,Sports Science and Health,,,341.0,Technological University Dublin Tallaght Campus
TA328,Computing with Language (French/German/Spanish),,,218.0,Technological University Dublin Tallaght Campus
TA329,Computing with Data Analytics,,,218.0,Technological University Dublin Tallaght Campus
TL801,"Animation, Visual Effects and Motion Design (Level 8)",718.0,281.0,281.0,Institute of Technology Tralee
TL802,"TV, Radio and New Media (Level 8)",322.0,325.0,306.0,Institute of Technology Tralee
TL803,Music Technology,,,264.0,Institute of Technology Tralee
TL810,Computing with Software Development,308.0,310.0,309.0,Institute of Technology Tralee
TL811,Computing with Games Development,322.0,358.0,310.0,Institute of Technology Tralee
TL812,Computing with Digital Media,,,369.0,Institute of Technology Tralee
TL815,Computing (Degree Award options),307.0,308.0,308.0,Institute of Technology Tralee
TL823,Event Management (3 year programm,293.0,299.0,291.0,Institute of Technology Tralee
TL831,Business Studies (Major Specialism in: Acctng or Mktg or Mgmnt),306.0,306.0,307.0,Institute of Technology Tralee
TL842,Construction Management,,,,Institute of Technology Tralee
TL844,Agricultural Engineering,301.0,300.0,311.0,Institute of Technology Tralee
TL845,Civil Engineering,361.0,325.0,300.0,Institute of Technology Tralee
TL847,Manufacturing Engineering,305.0,302.0,,Institute of Technology Tralee
TL848,Agricultural Science,307.0,308.0,331.0,Institute of Technology Tralee
TL851,Wildlife Biology (Degree Award options),309.0,309.0,310.0,Institute of Technology Tralee
TL855,Pharmaceutical Science (Degree Award options),316.0,317.0,342.0,Institute of Technology Tralee
TL858,Veterinary Bioscience,317.0,308.0,326.0,Institute of Technology Tralee
TL871,Health and Leisure (Degree Award options),303.0,300.0,303.0,Institute of Technology Tralee
TL872,Health and Leisure with Massage,314.0,309.0,288.0,Institute of Technology Tralee
TL873,Coaching and Sports Performance,308.0,289.0,282.0,Institute of Technology Tralee
TL874,Inclusive Sport and Physical Activity,341.0,,,Institute of Technology Tralee
TL880,Early Childhood Care and Education,309.0,307.0,307.0,Institute of Technology Tralee
TL881,Social Care,301.0,309.0,308.0,Institute of Technology Tralee
TL889,Counselling with Addiction - Mature applicants only,,,,Institute of Technology Tralee
TL890,General Nursing and Mature Applicants,463.0,414.0,407.0,Institute of Technology Tralee
TL891,Mental Health Nursing and Mature Applicants,419.0,378.0,,Institute of Technology Tralee
TR002,Music,477.0,382.0,,Trinity College Dublin
TR003,History,543.0,456.0,486.0,Trinity College Dublin
TR004,Law,589.0,565.0,532.0,Trinity College Dublin
TR005,Philosophy,497.0,442.0,391.0,Trinity College Dublin
TR006,Psychology,590.0,555.0,,Trinity College Dublin
TR007,Clinical Speech and Language Studies,564.0,529.0,499.0,Trinity College Dublin
TR009,Music Education,486.0,420.0,,Trinity College Dublin
TR012,History and Political Science,,552.0,,Trinity College Dublin
TR015,"Philosophy, Political Science, Economics and Sociology",613.0,589.0,566.0,Trinity College Dublin
TR016,Deaf Studies,389.0,329.0,337.0,Trinity College Dublin
TR017,Law and Business,,602.0,576.0,Trinity College Dublin
TR018,Law and French,602.0,565.0,,Trinity College Dublin
TR019,Law and German,567.0,542.0,523.0,Trinity College Dublin
TR020,Law and Political Science,,601.0,567.0,Trinity College Dublin
TR021,"Classics, Ancient History and Archaeology",462.0,370.0,377.0,Trinity College Dublin
TR022,Early and Modern Irish,377.0,398.0,347.0,Trinity College Dublin
TR023,English Studies,541.0,474.0,463.0,Trinity College Dublin
TR024,European Studies,566.0,530.0,520.0,Trinity College Dublin
TR025,Drama and Theatre Studies,519.0,530.0,,Trinity College Dublin
TR028,Ancient and Medieval History and Culture,463.0,342.0,339.0,Trinity College Dublin
TR029,Political Science and Geography,,510.0,477.0,Trinity College Dublin
TR031,Mathematics,578.0,531.0,566.0,Trinity College Dublin
TR032,Engineering,555.0,508.0,,Trinity College Dublin
TR033,Computer Science,549.0,509.0,,Trinity College Dublin
TR034,Management Science and Information Systems Studies,625.0,613.0,,Trinity College Dublin
TR035,Theoretical Physics,589.0,543.0,554.0,Trinity College Dublin
TR038,Engineering with Management,589.0,532.0,499.0,Trinity College Dublin
TR039,Computer Science and Language,443.0,424.0,435.0,Trinity College Dublin
TR040,Middle Eastern and European Languages and Cultures,499.0,466.0,485.0,Trinity College Dublin
TR041,Religion,417.0,368.0,347.0,Trinity College Dublin
TR042,Film,522.0,466.0,,Trinity College Dublin
TR043,History of Art and Architecture,486.0,354.0,,Trinity College Dublin
TR051,Medicine (HPAT required),743.0,734.0,,Trinity College Dublin
TR052,Dental Science,625.0,613.0,,Trinity College Dublin
TR053,Physiotherapy,590.0,566.0,,Trinity College Dublin
TR054,Occupational Therapy,577.0,533.0,500.0,Trinity College Dublin
TR055,Radiation Therapy,566.0,543.0,510.0,Trinity College Dublin
TR056,Human Health and Disease,601.0,564.0,543.0,Trinity College Dublin
TR060,Biological and Biomedical Sciences,577.0,543.0,,Trinity College Dublin
TR061,Chemical Sciences,554.0,510.0,,Trinity College Dublin
TR062,Geography and Geoscience,495.0,473.0,435.0,Trinity College Dublin
TR063,Physical Sciences,543.0,477.0,,Trinity College Dublin
TR064,Environmental Science and Engineering,555.0,,,Trinity College Dublin
TR072,Pharmacy,613.0,590.0,,Trinity College Dublin
TR080,Global Business,613.0,589.0,565.0,Trinity College Dublin
TR081,Business  Economic and Social Studies (BESS),567.0,543.0,,Trinity College Dublin
TR082,Computer Science and Business,,555.0,510.0,Trinity College Dublin
TR083,Sociology and Social Policy,,478.0,451.0,Trinity College Dublin
TR084,Social Studies (Social Work),487.0,462.0,,Trinity College Dublin
TR085,Business Studies and French,564.0,521.0,509.0,Trinity College Dublin
TR086,Business Studies and German,530.0,499.0,474.0,Trinity College Dublin
TR087,Business Studies and Russian,487.0,456.0,467.0,Trinity College Dublin
TR089,Business Studies and Polish,391.0,424.0,393.0,Trinity College Dublin
TR090,Business Studies and Spanish,566.0,531.0,510.0,Trinity College Dublin
TR091,General Nursing (Meath and St James`s),456.0,429.0,,Trinity College Dublin
TR093,General Nursing (Adelaide School of Nursing),473.0,414.0,,Trinity College Dublin
TR095,Mental Health Nursing,442.0,408.0,358.0,Trinity College Dublin
TR097,Intellectual Disability Nursing,410.0,378.0,346.0,Trinity College Dublin
TR111,Ancient History and Archaeology/Geography,,352.0,,Trinity College Dublin
TR112,Ancient History and Archaeology/History,,529.0,,Trinity College Dublin
TR113,Ancient History and Archaeology/History of Art and Architecture,,337.0,,Trinity College Dublin
TR114,Ancient History and Archaeology/Modern Language,,337.0,,Trinity College Dublin
TR117,Ancient History and Archaeology/Religion,,342.0,,Trinity College Dublin
TR166,Classical Civilisation/English Literature,,496.0,,Trinity College Dublin
TR173,Classical Civilisation/History of Art and Architecture,,335.0,,Trinity College Dublin
TR177,Classical Civilisation/Modern Language,,335.0,,Trinity College Dublin
TR179,Classical Civilisation/Philosophy,,479.0,,Trinity College Dublin
TR198,Economics/Geography,,534.0,,Trinity College Dublin
TR202,Economics/History,,534.0,,Trinity College Dublin
TR207,Economics/Mathematics,,566.0,,Trinity College Dublin
TR208,Economics/Modern Language,,534.0,,Trinity College Dublin
TR209,Economics/Philosophy,,534.0,,Trinity College Dublin
TR212,Economics/Sociology,,534.0,,Trinity College Dublin
TR228,Classical Languages/English Literature,,498.0,,Trinity College Dublin
TR231,Classical Languages/History of Art and Architecture,,349.0,,Trinity College Dublin
TR233,"Classical Languages/Middle Eastern,Jewish and Islamic Civilisations",,349.0,,Trinity College Dublin
TR239,Classical Languages/Modern Language,,349.0,,Trinity College Dublin
TR262,English Literature/History,,529.0,,Trinity College Dublin
TR263,English Literature/History of Art and Architecture,,497.0,,Trinity College Dublin
TR269,English Literature/Philosophy,,495.0,,Trinity College Dublin
TR272,English Literature/Sociology,,498.0,,Trinity College Dublin
TR276,English Literature/Drama Studies,,476.0,,Trinity College Dublin
TR277,English Literature/Modern Language,,489.0,,Trinity College Dublin
TR311,Film/Drama Studies,,521.0,,Trinity College Dublin
TR312,Film/English Literature,,521.0,,Trinity College Dublin
TR320,Film/Music,,521.0,,Trinity College Dublin
TR322,Geography/History,,529.0,,Trinity College Dublin
TR323,Drama Studies/Modern Language,,473.0,,Trinity College Dublin
TR324,Film/Modern Language,,521.0,,Trinity College Dublin
TR325,Film/History,,529.0,,Trinity College Dublin
TR326,Geography/Modern Language,,352.0,,Trinity College Dublin
TR332,Geography/Sociology,,496.0,,Trinity College Dublin
TR443,History/History of Art and Architecture,,529.0,,Trinity College Dublin
TR447,History/Modern Language,,529.0,,Trinity College Dublin
TR449,History/Philosophy,,529.0,,Trinity College Dublin
TR452,History/Sociology,,529.0,,Trinity College Dublin
TR454,History/Religion,,529.0,,Trinity College Dublin
TR455,History of Art and Architecture/Modern Language,,334.0,,Trinity College Dublin
TR479,History of Art and Architecture/Philosophy,,485.0,,Trinity College Dublin
TR547,"Middle Eastern,Jewish and Islamic Civ./Ancient History and Archaeology",,337.0,,Trinity College Dublin
TR548,"Middle Eastern,Jewish and Islamic Civilisations/Classical Civilisation",,335.0,,Trinity College Dublin
TR554,"Middle Eastern,Jewish and Islamic Civilisations/History",,529.0,,Trinity College Dublin
TR563,"Middle Eastern,Jewish and Islamic Civilisations/Modern Language",,335.0,,Trinity College Dublin
TR564,"Middle Eastern,Jewish and Islamic Civilisations/Music",,,,Trinity College Dublin
TR565,"Middle Eastern,Jewish and Islamic Civilisations/Religion",,342.0,,Trinity College Dublin
TR597,Mathematics/Modern Language,,566.0,,Trinity College Dublin
TR598,Mathematics/Music,,566.0,,Trinity College Dublin
TR599,Mathematics/Philosophy,,566.0,,Trinity College Dublin
TR629,Music/Philosophy,,499.0,,Trinity College Dublin
TR635,Music/Drama Studies,,473.0,,Trinity College Dublin
TR636,Music/Modern Language,,388.0,,Trinity College Dublin
TR638,Music/Religion,,388.0,,Trinity College Dublin
TR639,Philosophy/Modern Language,,499.0,,Trinity College Dublin
TR662,Philosophy/Sociology,,499.0,,Trinity College Dublin
TR663,Religion/Classical Civilisation,,342.0,,Trinity College Dublin
TR664,Religion/English Literature,,498.0,,Trinity College Dublin
TR665,Religion/History of Art and Architecture,,342.0,,Trinity College Dublin
TR666,Religion/Modern Language,,,,Trinity College Dublin
TR667,French/Modern Language,,403.0,,Trinity College Dublin
TR668,German/Modern Language,,389.0,,Trinity College Dublin
TR669,Irish/Modern Language,,368.0,,Trinity College Dublin
TR670,Italian/Modern Language,,381.0,,Trinity College Dublin
TR671,Russian/Modern Language,,332.0,,Trinity College Dublin
TR672,Spanish/Modern Language,,336.0,,Trinity College Dublin
TR755,Sociology/Drama Studies,,498.0,,Trinity College Dublin
TR756,Sociology/Modern Language,,495.0,,Trinity College Dublin
TR911,Children`s and General Nursing (Integrated),531.0,499.0,,Trinity College Dublin
TR913,Midwifery,521.0,473.0,423.0,Trinity College Dublin
TU801,Sustainable Energy Engineering,235.0,235.0,,TU Dublin
TU802,Electrical Services and Energy Management,309.0,300.0,,TU Dublin
TU803,Electronic Engineering,,243.0,,TU Dublin
TU804,Engineering (Common Entry with Award options),270.0,271.0,,TU Dublin
TU805,Engineering (General Entry),465.0,402.0,,TU Dublin
TU806,Sustainable Energy Engineering,,262.0,,TU Dublin
TU807,Computer Engineering in Mobile Systems,274.0,276.0,,TU Dublin
TU808,Engineering Software,,260.0,,TU Dublin
TU809,Mechanical Engineering,,235.0,,TU Dublin
TU810,Mechatronic Engineering,271.0,271.0,,TU Dublin
TU811,Product Design,434.0,411.0,,TU Dublin
TU812,"Design,Technology and Innovation",278.0,270.0,,TU Dublin
TU813,Automation Engineering,,218.0,,TU Dublin
TU814,Transport Operations and Technology,253.0,251.0,,TU Dublin
TU828,Mechanical Engineering (General Entry),300.0,,,TU Dublin
TU829,Electronic Engineering (General Entry),248.0,,,TU Dublin
TU831,Architectural Technology,423.0,410.0,,TU Dublin
TU832,Architecture (Suitability Test and Interview),638.0,622.0,,TU Dublin
TU833,Construction Management,396.0,367.0,,TU Dublin
TU834,Geographic Science,315.0,288.0,,TU Dublin
TU835,Planning and Environmental Management,330.0,313.0,,TU Dublin
TU836,Property Economics (Valuation Surveying),411.0,401.0,,TU Dublin
TU837,Quantity Surveying and Construction Economics,413.0,385.0,,TU Dublin
TU838,Sustainable Timber Technology,271.0,,,TU Dublin
TU851,Analytical Chemistry (Environmental  Forensic and,400.0,349.0,,TU Dublin
TU852,Chemical Sciences with Medicinal Chemistry,477.0,476.0,,TU Dublin
TU854,Science (General Entry),510.0,476.0,,TU Dublin
TU855,Science with Nanotechnology,322.0,319.0,,TU Dublin
TU856,Computer Science,499.0,476.0,,TU Dublin
TU857,Computer Science (Infrastructur,403.0,391.0,,TU Dublin
TU858,Computer Science (International),395.0,377.0,,TU Dublin
TU859,Computing,251.0,217.0,,TU Dublin
TU860,Computing (Information Technology),270.0,260.0,,TU Dublin
TU861,Computing with Language (French/German/Spanish),235.0,308.0,,TU Dublin
TU862,Computing with Artificial Intelligence Machine Lea,262.0,226.0,,TU Dublin
TU863,Digital Forensics and Cyber Security,282.0,280.0,,TU Dublin
TU864,DNA and Forensic Analysis,441.0,390.0,,TU Dublin
TU865,Computing with IT Management,235.0,226.0,,TU Dublin
TU866,Biomedical and Molecular Diagnostics,522.0,487.0,,TU Dublin
TU867,Biomedical Science,566.0,524.0,,TU Dublin
TU868,Clinical Measurement Science,542.0,510.0,,TU Dublin
TU869,Environmental Health,387.0,336.0,,TU Dublin
TU870,Human Nutrition and Dietetics,601.0,578.0,,TU Dublin
TU871,Optometry,532.0,509.0,,TU Dublin
TU872,Public Health Nutrition,487.0,491.0,,TU Dublin
TU873,Industrial Mathematics,,250.0,,TU Dublin
TU874,Mathematical Sciences,294.0,343.0,,TU Dublin
TU875,Pharmaceutical Healthcare,451.0,400.0,,TU Dublin
TU876,Pharmaceutical Science,445.0,349.0,,TU Dublin
TU877,Physics Technology,314.0,308.0,,TU Dublin
TU878,Physics with Energy and Environment,339.0,331.0,,TU Dublin
TU879,Physics with Medical Physics and Bioengineering,346.0,351.0,,TU Dublin
TU880,Physics with Data Science,412.0,,,TU Dublin
TU881,Food Innovation,309.0,318.0,,TU Dublin
TU882,Nutraceuticals in Health and Nutrition,380.0,397.0,,TU Dublin
TU901,Business,,270.0,,TU Dublin
TU902,Business (options),270.0,271.0,,TU Dublin
TU903,Business and Management,477.0,463.0,,TU Dublin
TU904,Business and Law,462.0,462.0,,TU Dublin
TU905,Economics and Finance,460.0,465.0,,TU Dublin
TU906,Human Resource Management,377.0,395.0,,TU Dublin
TU907,Logistics and Supply Chain Management,300.0,300.0,,TU Dublin
TU908,Management,,253.0,,TU Dublin
TU909,Accounting and Finance,,285.0,,TU Dublin
TU910,Accounting and Finance,420.0,444.0,,TU Dublin
TU911,Accounting and Finance,,192.0,,TU Dublin
TU912,Business Analytics,311.0,330.0,,TU Dublin
TU913,Business and Information Technology,,252.0,,TU Dublin
TU914,Business Computing,322.0,324.0,,TU Dublin
TU915,International Business,,252.0,,TU Dublin
TU916,International Business,,235.0,,TU Dublin
TU917,Law (LLB ) with a Language,356.0,342.0,,TU Dublin
TU918,Law (LLB),463.0,451.0,,TU Dublin
TU919,Advertising and Marketing Communications,219.0,226.0,,TU Dublin
TU920,Digital Marketing,270.0,270.0,,TU Dublin
TU921,Digital Marketing Technologies,230.0,234.0,,TU Dublin
TU922,Marketing,412.0,418.0,,TU Dublin
TU923,Marketing Management,,228.0,,TU Dublin
TU924,E-Commerce in Retailing,307.0,307.0,,TU Dublin
TU925,Retail and Services Management,307.0,301.0,,TU Dublin
TU932,Business (options),211.0,,,TU Dublin
TU933,Accounting and Finance (campus options),251.0,,,TU Dublin
TU935,Sports Management and Coaching,300.0,300.0,,TU Dublin
TU936,Sports Science and Health,484.0,391.0,,TU Dublin
TU941,Botanical Cuisine,311.0,249.0,,TU Dublin
TU942,Culinary Arts,252.0,212.0,,TU Dublin
TU943,Culinary Entrepreneurship,261.0,279.0,,TU Dublin
TU944,Culinary Science,336.0,316.0,,TU Dublin
TU951,International Hospitality and Tourism Management,244.0,200.0,,TU Dublin
TU952,International Hospitality Management,309.0,306.0,,TU Dublin
TU953,Tourism and Digital Marketing,308.0,290.0,,TU Dublin
TU954,Event Management,326.0,356.0,,TU Dublin
TU955,Sports & Leisure Management,275.0,217.0,,TU Dublin
TU961,Commercial Modern Music (BIMM - assessment/auditio,536.0,608.0,,TU Dublin
TU962,Drama (Performance  audition),448.0,379.0,,TU Dublin
TU963,Music (audition),364.0,416.0,,TU Dublin
TU965,International Business and Languages,357.0,346.0,,TU Dublin
TU966,Languages and English Studies,,434.0,,TU Dublin
TU967,Languages and International Tourism,298.0,326.0,,TU Dublin
TU971,Contemporary Visual Culture,,290.0,,TU Dublin
TU972,Creative and Cultural Industries,,281.0,,TU Dublin
TU973,Design - Visual Communication (portfolio),700.0,717.0,,TU Dublin
TU974,Fine Art (portfolio),549.0,563.0,,TU Dublin
TU975,Interior Design,544.0,632.0,,TU Dublin
TU976,Photography (portfolio),700.0,695.0,,TU Dublin
TU978,Creative Industries and Visual Culture,299.0,,,TU Dublin
TU981,Creative Digital Media,280.0,282.0,,TU Dublin
TU982,Creative Digital Media,369.0,311.0,,TU Dublin
TU983,Film and Broadcasting,453.0,451.0,,TU Dublin
TU984,Game Design,414.0,381.0,,TU Dublin
TU985,Journalism,367.0,322.0,,TU Dublin
TU986,Print Media Technology and Management,,289.0,,TU Dublin
TU989,Early Childhood Care and Education (campus options,270.0,,,TU Dublin
TU991,Applied Social Studies in Social Care,326.0,325.0,,TU Dublin
TU992,Community and Youth Development,251.0,253.0,,TU Dublin
TU993,Early Childhood Care and Education,,270.0,,TU Dublin
TU994,Early Childhood Care and Education,,230.0,,TU Dublin
TU995,Early Childhood Education,378.0,367.0,,TU Dublin
TU996,Social Care,407.0,400.0,,TU Dublin
TU997,Applied Social Care,320.0,270.0,,TU Dublin
WD001,Applied Computing (options),261.0,260.0,279.0,Waterford Institute of Technology
WD002,Science (options),279.0,308.0,302.0,Waterford Institute of Technology
WD005,Health Sciences (options),271.0,280.0,288.0,Waterford Institute of Technology
WD006,Exercise Sciences (options),270.0,280.0,282.0,Waterford Institute of Technology
WD007,Engineering (options),270.0,288.0,287.0,Waterford Institute of Technology
WD025,Construction Management and Engineering,262.0,269.0,269.0,Waterford Institute of Technology
WD027,Music,321.0,262.0,,Waterford Institute of Technology
WD048,Business (options),279.0,271.0,278.0,Waterford Institute of Technology
WD084,Accounting,308.0,308.0,307.0,Waterford Institute of Technology
WD091,Hospitality Management,225.0,228.0,210.0,Waterford Institute of Technology
WD116,General Nursing,446.0,422.0,413.0,Waterford Institute of Technology
WD117,Psychiatric Nursing,415.0,366.0,361.0,Waterford Institute of Technology
WD120,Intellectual Disability Nursing,390.0,377.0,338.0,Waterford Institute of Technology
WD134,International Business,267.0,290.0,289.0,Waterford Institute of Technology
WD137,Design (Visual Communications),252.0,271.0,253.0,Waterford Institute of Technology
WD140,Laws,280.0,280.0,290.0,Waterford Institute of Technology
WD144,Architecture,309.0,284.0,283.0,Waterford Institute of Technology
WD147,Pharmaceutical Science,288.0,293.0,298.0,Waterford Institute of Technology
WD148,Tourism Marketing,,,269.0,Waterford Institute of Technology
WD149,Early Childhood Studies,,271.0,288.0,Waterford Institute of Technology
WD150,Criminal Justice Studies,280.0,270.0,271.0,Waterford Institute of Technology
WD152,Visual Art,243.0,,253.0,Waterford Institute of Technology
WD161,Computer Forensics and Security,270.0,255.0,262.0,Waterford Institute of Technology
WD162,Quantity Surveying,226.0,216.0,260.0,Waterford Institute of Technology
WD163,Psychology,456.0,434.0,390.0,Waterford Institute of Technology
WD186,Sports Coaching and Performance,261.0,270.0,276.0,Waterford Institute of Technology
WD187,Social Science,276.0,272.0,271.0,Waterford Institute of Technology
WD191,Agricultural Science,377.0,377.0,378.0,Waterford Institute of Technology
WD192,Social Care Practice,271.0,270.0,279.0,Waterford Institute of Technology
WD193,Marketing and Digital Media,279.0,271.0,290.0,Waterford Institute of Technology
WD194,Culinary Arts,237.0,217.0,235.0,Waterford Institute of Technology
WD195,Architectural and Building Information Modelling Technology,279.0,279.0,266.0,Waterford Institute of Technology
WD200,Arts (options),201.0,,221.0,Waterford Institute of Technology
WD210,Software Systems Development,260.0,279.0,271.0,Waterford Institute of Technology
WD211,Creative Computing,270.0,271.0,275.0,Waterford Institute of Technology
WD212,Recreation and Sport Management,262.0,270.0,274.0,Waterford Institute of Technology
WD230,Mechanical and Manufacturing Engineering,230.0,253.0,273.0,Waterford Institute of Technology
WD231,Early Childhood Care and Education,266.0,,,Waterford Institute of Technology
WD232,Business Information Systems,261.0,,,Waterford Institute of Technology
